,age_end,age_start,age_weights,area,data_type,effective_sample_size,lower_ci,sex,standard_error,upper_ci,value,x_cv_below7disorders,x_cv_past_year,x_ln_mx_conflict,x_ln_mx_war_10years,year_end,year_start
0,34.0,4.0,,DEU,r,,,total,0.000385887,,0.09,0.0,0.0,-2.264229229080417,-2.237749300925379,1991.0,1980.0
1,16.0,11.0,,IND,r,,,total,0.000443028,,0.131,0.0,0.0,-2.1567929959676366,-2.144034870535003,2000.0,1991.0
2,20.0,2.0,,USA,r,,,total,0.000302062,,0.165,0.0,0.0,-2.61701830021975,-2.691739228711366,1985.0,1981.0
3,80.0,17.0,,AFG,p,,,female,0.0738,,0.20600000000000002,0.0,0.0,-1.6574527873455214,-1.4560773863453,2004.0,2004.0
4,80.0,17.0,,AFG,p,,,male,0.0897,,0.28300000000000003,0.0,0.0,-1.6574527873455214,-1.4560773863453,2004.0,2004.0
5,54.0,45.0,,AUS,p,920.0,,female,-0.99,,0.159,1.0,1.0,-4.029621537411595,-4.250428027039955,1997.0,1997.0
6,24.0,18.0,,AUS,p,706.0,,female,-0.99,,0.138,1.0,1.0,-4.029621537411595,-4.250428027039955,1997.0,1997.0
7,34.0,25.0,,AUS,p,1124.0,,female,-0.99,,0.124,1.0,1.0,-4.029621537411595,-4.250428027039955,1997.0,1997.0
8,44.0,35.0,,AUS,p,1120.0,,female,-0.99,,0.145,1.0,1.0,-4.029621537411595,-4.250428027039955,1997.0,1997.0
9,64.0,55.0,,AUS,p,612.0,,female,-0.99,,0.095,1.0,1.0,-4.029621537411595,-4.250428027039955,1997.0,1997.0
10,85.0,65.0,,AUS,p,901.0,,female,-0.99,,0.054000000000000006,1.0,1.0,-4.029621537411595,-4.250428027039955,1997.0,1997.0
11,24.0,16.0,,AUS,p,,,female,0.018000000000000002,,0.17600000000000002,1.0,1.0,-4.029621537411595,-4.250428027039955,2007.0,2007.0
12,34.0,25.0,,AUS,p,,,female,0.013999999999999999,,0.165,1.0,1.0,-4.029621537411595,-4.250428027039955,2007.0,2007.0
13,44.0,35.0,,AUS,p,,,female,0.018000000000000002,,0.175,1.0,1.0,-4.029621537411595,-4.250428027039955,2007.0,2007.0
14,54.0,45.0,,AUS,p,,,female,0.024,,0.17300000000000001,1.0,1.0,-4.029621537411595,-4.250428027039955,2007.0,2007.0
15,64.0,55.0,,AUS,p,,,female,0.013999999999999999,,0.127,1.0,1.0,-4.029621537411595,-4.250428027039955,2007.0,2007.0
16,74.0,65.0,,AUS,p,,,female,0.011000000000000001,,0.057,1.0,1.0,-4.029621537411595,-4.250428027039955,2007.0,2007.0
17,85.0,75.0,,AUS,p,,,female,0.009000000000000001,,0.027000000000000003,1.0,1.0,-4.029621537411595,-4.250428027039955,2007.0,2007.0
18,24.0,18.0,,AUS,p,726.0,,male,-0.99,,0.086,1.0,1.0,-4.029621537411595,-4.250428027039955,1997.0,1997.0
19,34.0,25.0,,AUS,p,1107.0,,male,-0.99,,0.071,1.0,1.0,-4.029621537411595,-4.250428027039955,1997.0,1997.0
20,44.0,35.0,,AUS,p,1103.0,,male,-0.99,,0.083,1.0,1.0,-4.029621537411595,-4.250428027039955,1997.0,1997.0
21,54.0,45.0,,AUS,p,936.0,,male,-0.99,,0.08,1.0,1.0,-4.029621537411595,-4.250428027039955,1997.0,1997.0
22,64.0,55.0,,AUS,p,615.0,,male,-0.99,,0.061,1.0,1.0,-4.029621537411595,-4.250428027039955,1997.0,1997.0
23,85.0,65.0,,AUS,p,730.0,,male,-0.99,,0.035,1.0,1.0,-4.029621537411595,-4.250428027039955,1997.0,1997.0
24,24.0,16.0,,AUS,p,,,male,0.011000000000000001,,0.071,1.0,1.0,-4.029621537411595,-4.250428027039955,2007.0,2007.0
25,34.0,25.0,,AUS,p,,,male,0.017,,0.095,1.0,1.0,-4.029621537411595,-4.250428027039955,2007.0,2007.0
26,44.0,35.0,,AUS,p,,,male,0.013999999999999999,,0.11900000000000001,1.0,1.0,-4.029621537411595,-4.250428027039955,2007.0,2007.0
27,54.0,45.0,,AUS,p,,,male,0.022000000000000002,,0.121,1.0,1.0,-4.029621537411595,-4.250428027039955,2007.0,2007.0
28,64.0,55.0,,AUS,p,,,male,0.011000000000000001,,0.078,1.0,1.0,-4.029621537411595,-4.250428027039955,2007.0,2007.0
29,74.0,65.0,,AUS,p,,,male,0.01,,0.047,1.0,1.0,-4.029621537411595,-4.250428027039955,2007.0,2007.0
30,85.0,75.0,,AUS,p,,,male,0.008,,0.018000000000000002,1.0,1.0,-4.029621537411595,-4.250428027039955,2007.0,2007.0
31,60.0,18.0,,BGD,p,,,female,0.0149,,0.046,1.0,0.0,-4.029621537411595,-2.561461405759405,2000.0,2000.0
32,60.0,18.0,,BGD,p,,,male,0.0175,,0.054000000000000006,1.0,0.0,-4.029621537411595,-2.561461405759405,2000.0,2000.0
33,99.0,18.0,,BGD,p,,,total,0.0069,,0.027000000000000003,1.0,0.0,-2.3909634065687477,-2.4190732032384985,1997.0,1996.0
34,10.0,5.0,,BGD,p,,0.051,total,-0.99,0.127,0.081,1.0,0.0,-4.029621537411595,-2.7403300530366277,2004.0,2004.0
35,84.0,80.0,,BEL,p,,,female,0.026000000000000002,,0.027000000000000003,1.0,0.0,,-2.5989206346178704,2002.0,2001.0
36,79.0,75.0,,BEL,p,,,female,0.024,,0.044000000000000004,1.0,0.0,,-2.5989206346178704,2002.0,2001.0
37,74.0,70.0,,BEL,p,,,female,0.02,,0.06,1.0,0.0,,-2.5989206346178704,2002.0,2001.0
38,69.0,65.0,,BEL,p,,,female,0.021,,0.045,1.0,0.0,,-2.5989206346178704,2002.0,2001.0
39,64.0,60.0,,BEL,p,,,female,0.013999999999999999,,0.013000000000000001,1.0,0.0,,-2.5989206346178704,2002.0,2001.0
40,59.0,55.0,,BEL,p,,,female,0.034,,0.09699999999999999,1.0,0.0,,-2.5989206346178704,2002.0,2001.0
41,54.0,50.0,,BEL,p,,,female,0.026000000000000002,,0.069,1.0,0.0,,-2.5989206346178704,2002.0,2001.0
42,24.0,14.0,,DEU,r,,,male,0.000390846,,0.257,0.0,0.0,-2.417008553990027,-2.474034419008248,2002.0,1995.0
43,24.0,14.0,,DEU,r,,,female,0.000321983,,0.153,0.0,0.0,-2.417008553990027,-2.474034419008248,2002.0,1995.0
44,85.0,55.0,,NLD,r,,,male,0.000406686,,0.116,0.0,0.0,-2.399299111963239,-2.674651980826414,1999.0,1992.0
45,85.0,55.0,,NLD,r,,,female,0.000271483,,0.048,0.0,0.0,-2.399299111963239,-2.674651980826414,1999.0,1992.0
46,49.0,45.0,,BEL,p,,,female,0.018000000000000002,,0.032,1.0,0.0,,-2.5989206346178704,2002.0,2001.0
47,44.0,40.0,,BEL,p,,,female,0.023,,0.051,1.0,0.0,,-2.5989206346178704,2002.0,2001.0
48,39.0,35.0,,BEL,p,,,female,0.015,,0.068,1.0,0.0,,-2.5989206346178704,2002.0,2001.0
49,34.0,30.0,,BEL,p,,,female,0.013000000000000001,,0.027000000000000003,1.0,0.0,,-2.5989206346178704,2002.0,2001.0
50,29.0,25.0,,BEL,p,,,female,0.038,,0.09,1.0,0.0,,-2.5989206346178704,2002.0,2001.0
51,24.0,20.0,,BEL,p,,,female,0.027999999999999997,,0.07200000000000001,1.0,0.0,,-2.5989206346178704,2002.0,2001.0
52,84.0,80.0,,BEL,p,,,female,0.026000000000000002,,0.027000000000000003,1.0,1.0,,-2.5989206346178704,2002.0,2001.0
53,79.0,75.0,,BEL,p,,,female,0.024,,0.044000000000000004,1.0,1.0,,-2.5989206346178704,2002.0,2001.0
54,74.0,70.0,,BEL,p,,,female,0.02,,0.06,1.0,1.0,,-2.5989206346178704,2002.0,2001.0
55,69.0,65.0,,BEL,p,,,female,0.025,,0.06,1.0,1.0,,-2.5989206346178704,2002.0,2001.0
56,64.0,60.0,,BEL,p,,,female,0.017,,0.026000000000000002,1.0,1.0,,-2.5989206346178704,2002.0,2001.0
57,59.0,55.0,,BEL,p,,,female,0.046,,0.16,1.0,1.0,,-2.5989206346178704,2002.0,2001.0
58,54.0,50.0,,BEL,p,,,female,0.027999999999999997,,0.113,1.0,1.0,,-2.5989206346178704,2002.0,2001.0
59,49.0,45.0,,BEL,p,,,female,0.024,,0.042,1.0,1.0,,-2.5989206346178704,2002.0,2001.0
60,44.0,40.0,,BEL,p,,,female,0.028999999999999998,,0.091,1.0,1.0,,-2.5989206346178704,2002.0,2001.0
61,39.0,35.0,,BEL,p,,,female,0.024,,0.105,1.0,1.0,,-2.5989206346178704,2002.0,2001.0
62,34.0,30.0,,BEL,p,,,female,0.02,,0.05,1.0,1.0,,-2.5989206346178704,2002.0,2001.0
63,29.0,25.0,,BEL,p,,,female,0.049,,0.128,1.0,1.0,,-2.5989206346178704,2002.0,2001.0
64,24.0,20.0,,BEL,p,,,female,0.037000000000000005,,0.09300000000000001,1.0,1.0,,-2.5989206346178704,2002.0,2001.0
65,84.0,80.0,,BEL,p,23.0,,male,-0.99,,0.0,1.0,1.0,,-2.5989206346178704,2002.0,2001.0
66,79.0,75.0,,BEL,p,57.0,,male,-0.99,,0.0,1.0,1.0,,-2.5989206346178704,2002.0,2001.0
67,74.0,70.0,,BEL,p,,,male,0.033,,0.057,1.0,1.0,,-2.5989206346178704,2002.0,2001.0
68,69.0,65.0,,BEL,p,,,male,0.019,,0.027000000000000003,1.0,1.0,,-2.5989206346178704,2002.0,2001.0
69,64.0,60.0,,BEL,p,,,male,0.013000000000000001,,0.016,1.0,1.0,,-2.5989206346178704,2002.0,2001.0
70,59.0,55.0,,BEL,p,,,male,0.013000000000000001,,0.026000000000000002,1.0,1.0,,-2.5989206346178704,2002.0,2001.0
71,54.0,50.0,,BEL,p,,,male,0.036000000000000004,,0.096,1.0,1.0,,-2.5989206346178704,2002.0,2001.0
72,49.0,45.0,,BEL,p,,,male,0.022000000000000002,,0.057999999999999996,1.0,1.0,,-2.5989206346178704,2002.0,2001.0
73,44.0,40.0,,BEL,p,,,male,0.04,,0.07,1.0,1.0,,-2.5989206346178704,2002.0,2001.0
74,39.0,35.0,,BEL,p,,,male,0.019,,0.055999999999999994,1.0,1.0,,-2.5989206346178704,2002.0,2001.0
75,34.0,30.0,,BEL,p,,,male,0.06,,0.13,1.0,1.0,,-2.5989206346178704,2002.0,2001.0
76,29.0,25.0,,BEL,p,,,male,0.05,,0.091,1.0,1.0,,-2.5989206346178704,2002.0,2001.0
77,24.0,20.0,,BEL,p,,,male,0.037000000000000005,,0.08,1.0,1.0,,-2.5989206346178704,2002.0,2001.0
78,84.0,80.0,,BEL,p,23.0,,male,-0.99,,0.0,1.0,0.0,,-2.5989206346178704,2002.0,2001.0
79,79.0,75.0,,BEL,p,57.0,,male,-0.99,,0.0,1.0,0.0,,-2.5989206346178704,2002.0,2001.0
80,74.0,70.0,,BEL,p,,,male,0.033,,0.057,1.0,0.0,,-2.5989206346178704,2002.0,2001.0
81,69.0,65.0,,BEL,p,,,male,0.019,,0.027000000000000003,1.0,0.0,,-2.5989206346178704,2002.0,2001.0
82,64.0,60.0,,BEL,p,,,male,0.013000000000000001,,0.016,1.0,0.0,,-2.5989206346178704,2002.0,2001.0
83,59.0,55.0,,BEL,p,,,male,0.012,,0.02,1.0,0.0,,-2.5989206346178704,2002.0,2001.0
84,54.0,50.0,,BEL,p,,,male,0.024,,0.048,1.0,0.0,,-2.5989206346178704,2002.0,2001.0
85,49.0,45.0,,BEL,p,,,male,0.006999999999999999,,0.01,1.0,0.0,,-2.5989206346178704,2002.0,2001.0
86,44.0,40.0,,BEL,p,,,male,0.017,,0.024,1.0,0.0,,-2.5989206346178704,2002.0,2001.0
87,39.0,35.0,,BEL,p,,,male,0.012,,0.02,1.0,0.0,,-2.5989206346178704,2002.0,2001.0
88,34.0,30.0,,BEL,p,,,male,0.061,,0.10300000000000001,1.0,0.0,,-2.5989206346178704,2002.0,2001.0
89,29.0,25.0,,BEL,p,,,male,0.037000000000000005,,0.057999999999999996,1.0,0.0,,-2.5989206346178704,2002.0,2001.0
90,24.0,20.0,,BEL,p,,,male,0.036000000000000004,,0.061,1.0,0.0,,-2.5989206346178704,2002.0,2001.0
91,99.0,18.0,,BRA,p,,,female,0.006999999999999999,,0.078,1.0,0.0,-4.029621537411595,-2.9288870039690083,1996.0,1994.0
92,99.0,18.0,,BRA,p,,,female,0.009000000000000001,,0.10400000000000001,1.0,1.0,-4.029621537411595,-2.9288870039690083,1996.0,1994.0
93,14.0,7.0,,BRA,p,,0.037000000000000005,female,-0.99,0.086,0.061,0.0,0.0,-2.482467432955829,-2.674054756628494,2001.0,2000.0
94,99.0,18.0,,BRA,p,,,male,0.008,,0.035,1.0,0.0,-4.029621537411595,-2.9288870039690083,1996.0,1994.0
95,99.0,18.0,,BRA,p,,,male,0.008,,0.04,1.0,1.0,-4.029621537411595,-2.9288870039690083,1996.0,1994.0
96,14.0,7.0,,BRA,p,,0.024,male,-0.99,0.064,0.044000000000000004,0.0,0.0,-2.482467432955829,-2.674054756628494,2001.0,2000.0
97,14.0,11.0,,BRA,p,,0.028999999999999998,total,-0.99,0.087,0.057999999999999996,0.0,0.0,-2.482467432955829,-2.674054756628494,2001.0,2000.0
98,10.0,7.0,,BRA,p,,0.023,total,-0.99,0.067,0.046,0.0,0.0,-2.482467432955829,-2.674054756628494,2001.0,2000.0
99,84.0,80.0,,BGR,p,,,female,0.032,,0.048,0.0,0.0,,-4.250428027039955,2003.0,2003.0
100,79.0,75.0,,BGR,p,,,female,0.024,,0.068,0.0,0.0,,-4.250428027039955,2003.0,2003.0
101,74.0,70.0,,BGR,p,,,female,0.016,,0.067,0.0,0.0,,-4.250428027039955,2003.0,2003.0
102,69.0,65.0,,BGR,p,,,female,0.019,,0.055,0.0,0.0,,-4.250428027039955,2003.0,2003.0
103,64.0,60.0,,BGR,p,,,female,0.015,,0.049,0.0,0.0,,-4.250428027039955,2003.0,2003.0
104,59.0,55.0,,BGR,p,,,female,0.019,,0.068,0.0,0.0,,-4.250428027039955,2003.0,2003.0
105,54.0,50.0,,BGR,p,,,female,0.02,,0.066,0.0,0.0,,-4.250428027039955,2003.0,2003.0
106,49.0,45.0,,BGR,p,,,female,0.012,,0.047,0.0,0.0,,-4.250428027039955,2003.0,2003.0
107,44.0,40.0,,BGR,p,,,female,0.016,,0.075,0.0,0.0,,-4.250428027039955,2003.0,2003.0
108,39.0,35.0,,BGR,p,,,female,0.013000000000000001,,0.027999999999999997,0.0,0.0,,-4.250428027039955,2003.0,2003.0
109,34.0,30.0,,BGR,p,,,female,0.023,,0.048,0.0,0.0,,-4.250428027039955,2003.0,2003.0
110,29.0,25.0,,BGR,p,,,female,0.009000000000000001,,0.039,0.0,0.0,,-4.250428027039955,2003.0,2003.0
111,24.0,20.0,,BGR,p,,,female,0.02,,0.047,0.0,0.0,,-4.250428027039955,2003.0,2003.0
112,18.0,18.0,,BGR,p,,,female,0.07200000000000001,,0.063,0.0,0.0,,-4.250428027039955,2003.0,2003.0
113,84.0,80.0,,BGR,p,,,female,0.037000000000000005,,0.076,0.0,1.0,,-4.250428027039955,2003.0,2003.0
114,79.0,75.0,,BGR,p,,,female,0.026000000000000002,,0.08199999999999999,0.0,1.0,,-4.250428027039955,2003.0,2003.0
115,74.0,70.0,,BGR,p,,,female,0.017,,0.078,0.0,1.0,,-4.250428027039955,2003.0,2003.0
116,69.0,65.0,,BGR,p,,,female,0.021,,0.08199999999999999,0.0,1.0,,-4.250428027039955,2003.0,2003.0
117,64.0,60.0,,BGR,p,,,female,0.015,,0.071,0.0,1.0,,-4.250428027039955,2003.0,2003.0
118,59.0,55.0,,BGR,p,,,female,0.026000000000000002,,0.114,0.0,1.0,,-4.250428027039955,2003.0,2003.0
119,54.0,50.0,,BGR,p,,,female,0.025,,0.106,0.0,1.0,,-4.250428027039955,2003.0,2003.0
120,49.0,45.0,,BGR,p,,,female,0.013999999999999999,,0.07,0.0,1.0,,-4.250428027039955,2003.0,2003.0
121,44.0,40.0,,BGR,p,,,female,0.018000000000000002,,0.09699999999999999,0.0,1.0,,-4.250428027039955,2003.0,2003.0
122,39.0,35.0,,BGR,p,,,female,0.016,,0.052000000000000005,0.0,1.0,,-4.250428027039955,2003.0,2003.0
123,34.0,30.0,,BGR,p,,,female,0.03,,0.068,0.0,1.0,,-4.250428027039955,2003.0,2003.0
124,29.0,25.0,,BGR,p,,,female,0.016,,0.053,0.0,1.0,,-4.250428027039955,2003.0,2003.0
125,24.0,20.0,,BGR,p,,,female,0.022000000000000002,,0.059000000000000004,0.0,1.0,,-4.250428027039955,2003.0,2003.0
126,18.0,18.0,,BGR,p,,,female,0.07200000000000001,,0.063,0.0,1.0,,-4.250428027039955,2003.0,2003.0
127,84.0,80.0,,BGR,p,,,male,0.044000000000000004,,0.102,0.0,1.0,,-4.250428027039955,2003.0,2003.0
128,79.0,75.0,,BGR,p,,,male,0.027000000000000003,,0.051,0.0,1.0,,-4.250428027039955,2003.0,2003.0
129,74.0,70.0,,BGR,p,,,male,0.008,,0.018000000000000002,0.0,1.0,,-4.250428027039955,2003.0,2003.0
130,69.0,65.0,,BGR,p,,,male,0.006999999999999999,,0.01,0.0,1.0,,-4.250428027039955,2003.0,2003.0
131,64.0,60.0,,BGR,p,,,male,0.017,,0.038,0.0,1.0,,-4.250428027039955,2003.0,2003.0
132,59.0,55.0,,BGR,p,,,male,0.026000000000000002,,0.076,0.0,1.0,,-4.250428027039955,2003.0,2003.0
133,54.0,50.0,,BGR,p,,,male,0.008,,0.025,0.0,1.0,,-4.250428027039955,2003.0,2003.0
134,49.0,45.0,,BGR,p,,,male,0.015,,0.049,0.0,1.0,,-4.250428027039955,2003.0,2003.0
135,44.0,40.0,,BGR,p,,,male,0.011000000000000001,,0.018000000000000002,0.0,1.0,,-4.250428027039955,2003.0,2003.0
136,39.0,35.0,,BGR,p,,,male,0.01,,0.02,0.0,1.0,,-4.250428027039955,2003.0,2003.0
137,34.0,30.0,,BGR,p,,,male,0.011000000000000001,,0.018000000000000002,0.0,1.0,,-4.250428027039955,2003.0,2003.0
138,29.0,25.0,,BGR,p,,,male,0.022000000000000002,,0.055999999999999994,0.0,1.0,,-4.250428027039955,2003.0,2003.0
139,24.0,20.0,,BGR,p,,,male,0.009000000000000001,,0.013000000000000001,0.0,1.0,,-4.250428027039955,2003.0,2003.0
140,18.0,18.0,,BGR,p,21.0,,male,-0.99,,0.0,0.0,1.0,,-4.250428027039955,2003.0,2003.0
141,84.0,80.0,,BGR,p,,,male,0.027999999999999997,,0.047,0.0,0.0,,-4.250428027039955,2003.0,2003.0
142,79.0,75.0,,BGR,p,,,male,0.027000000000000003,,0.051,0.0,0.0,,-4.250428027039955,2003.0,2003.0
143,74.0,70.0,,BGR,p,,,male,0.008,,0.018000000000000002,0.0,0.0,,-4.250428027039955,2003.0,2003.0
144,69.0,65.0,,BGR,p,,,male,0.006999999999999999,,0.01,0.0,0.0,,-4.250428027039955,2003.0,2003.0
145,64.0,60.0,,BGR,p,,,male,0.016,,0.032,0.0,0.0,,-4.250428027039955,2003.0,2003.0
146,59.0,55.0,,BGR,p,,,male,0.025,,0.068,0.0,0.0,,-4.250428027039955,2003.0,2003.0
147,54.0,50.0,,BGR,p,,,male,0.006999999999999999,,0.013999999999999999,0.0,0.0,,-4.250428027039955,2003.0,2003.0
148,49.0,45.0,,BGR,p,,,male,0.008,,0.013999999999999999,0.0,0.0,,-4.250428027039955,2003.0,2003.0
149,44.0,40.0,,BGR,p,,,male,0.011000000000000001,,0.013999999999999999,0.0,0.0,,-4.250428027039955,2003.0,2003.0
150,39.0,35.0,,BGR,p,,,male,0.008,,0.015,0.0,0.0,,-4.250428027039955,2003.0,2003.0
151,34.0,30.0,,BGR,p,,,male,0.009000000000000001,,0.011000000000000001,0.0,0.0,,-4.250428027039955,2003.0,2003.0
152,29.0,25.0,,BGR,p,,,male,0.018000000000000002,,0.04,0.0,0.0,,-4.250428027039955,2003.0,2003.0
153,24.0,20.0,,BGR,p,156.0,,male,-0.99,,0.0,0.0,0.0,,-4.250428027039955,2003.0,2003.0
154,18.0,18.0,,BGR,p,21.0,,male,-0.99,,0.0,0.0,0.0,,-4.250428027039955,2003.0,2003.0
155,54.0,18.0,,CAN,p,,,total,0.004,,0.062,1.0,0.0,-4.029621537411595,-2.5328775920644824,1991.0,1990.0
156,54.0,18.0,,CAN,p,,,total,0.006,,0.124,1.0,1.0,-4.029621537411595,-2.5328775920644824,1991.0,1990.0
157,24.0,15.0,,CAN,p,,0.050300000000000004,female,-0.99,0.066,0.057,1.0,0.0,-2.3469886286762955,-2.495916050037617,2002.0,2002.0
158,24.0,15.0,,CAN,p,,,female,0.0078000000000000005,,0.08900000000000001,1.0,1.0,-2.3469886286762955,-2.495916050037617,2002.0,2002.0
159,24.0,15.0,,CAN,p,,0.0217,male,-0.99,0.0416,0.026000000000000002,1.0,0.0,-2.3469886286762955,-2.495916050037617,2002.0,2002.0
160,24.0,15.0,,CAN,p,,,male,0.0055000000000000005,,0.043,1.0,1.0,-2.3469886286762955,-2.495916050037617,2002.0,2002.0
161,24.0,20.0,,CAN,p,2842.0,,total,-0.99,,0.07,1.0,1.0,-2.3469886286762955,-2.495916050037617,2002.0,2002.0
162,19.0,15.0,,CAN,p,2830.0,,total,-0.99,,0.061,1.0,1.0,-2.3469886286762955,-2.495916050037617,2002.0,2002.0
163,99.0,15.0,,CHL,p,,,female,0.012,,0.11,0.0,0.0,-2.1471047044147937,-2.2093147932799364,1999.0,1992.0
164,99.0,15.0,,CHL,p,,,male,0.006,,0.024,0.0,0.0,-2.1471047044147937,-2.2093147932799364,1999.0,1992.0
165,99.0,65.0,,CHL,p,,,total,0.015,,0.044000000000000004,0.0,1.0,-2.1471047044147937,-2.2093147932799364,1999.0,1992.0
166,64.0,55.0,,CHL,p,,,total,0.02,,0.098,0.0,1.0,-2.1471047044147937,-2.2093147932799364,1999.0,1992.0
167,54.0,45.0,,CHL,p,,,total,0.022000000000000002,,0.133,0.0,1.0,-2.1471047044147937,-2.2093147932799364,1999.0,1992.0
168,44.0,35.0,,CHL,p,,,total,0.026000000000000002,,0.129,0.0,1.0,-2.1471047044147937,-2.2093147932799364,1999.0,1992.0
169,34.0,25.0,,CHL,p,,,total,0.013000000000000001,,0.08800000000000001,0.0,1.0,-2.1471047044147937,-2.2093147932799364,1999.0,1992.0
170,24.0,15.0,,CHL,p,,,total,0.022000000000000002,,0.091,0.0,1.0,-2.1471047044147937,-2.2093147932799364,1999.0,1992.0
171,99.0,18.0,,CHN,p,,0.0644,female,-0.99,0.0816,0.0725,0.0,0.0,-4.029621537411595,-2.6614135111058417,2005.0,2001.0
172,99.0,18.0,,CHN,p,,0.0337,male,-0.99,0.048799999999999996,0.0406,0.0,0.0,-4.029621537411595,-2.6614135111058417,2005.0,2001.0
173,99.0,18.0,,CHN,p,,0.045700000000000005,total,-0.99,0.0592,0.052000000000000005,0.0,0.0,-4.029621537411595,-2.6614135111058417,2005.0,2001.0
174,99.0,18.0,,CHN,p,,0.0542,total,-0.99,0.08650000000000001,0.06860000000000001,0.0,0.0,-4.029621537411595,-2.6614135111058417,2005.0,2001.0
175,69.0,65.0,,CHN,p,,,female,0.033,,0.034,1.0,0.0,-2.685654183883074,-2.689648944018643,2008.0,2008.0
176,64.0,60.0,,CHN,p,40.0,,female,-0.99,,0.0,1.0,0.0,-2.685654183883074,-2.689648944018643,2008.0,2008.0
177,59.0,55.0,,CHN,p,,,female,0.012,,0.013000000000000001,1.0,0.0,-2.685654183883074,-2.689648944018643,2008.0,2008.0
178,54.0,50.0,,CHN,p,,,female,0.018000000000000002,,0.019,1.0,0.0,-2.685654183883074,-2.689648944018643,2008.0,2008.0
179,49.0,45.0,,CHN,p,,,female,0.006,,0.013000000000000001,1.0,0.0,-2.685654183883074,-2.689648944018643,2008.0,2008.0
180,44.0,40.0,,CHN,p,,,female,0.008,,0.023,1.0,0.0,-2.685654183883074,-2.689648944018643,2008.0,2008.0
181,39.0,35.0,,CHN,p,,,female,0.003,,0.008,1.0,0.0,-2.685654183883074,-2.689648944018643,2008.0,2008.0
182,29.0,25.0,,CHN,p,,,female,0.006999999999999999,,0.023,1.0,0.0,-2.685654183883074,-2.689648944018643,2008.0,2008.0
183,24.0,20.0,,CHN,p,,,female,0.004,,0.013000000000000001,1.0,0.0,-2.685654183883074,-2.689648944018643,2008.0,2008.0
184,19.0,19.0,,CHN,p,,,female,0.004,,0.006,1.0,0.0,-2.685654183883074,-2.689648944018643,2008.0,2008.0
185,18.0,18.0,,CHN,p,,,female,0.005,,0.006999999999999999,1.0,0.0,-2.685654183883074,-2.689648944018643,2008.0,2008.0
186,69.0,60.0,,CHN,p,,,female,0.006,,0.015,0.0,0.0,-2.574553385945923,-2.660019987977361,2003.0,2002.0
187,59.0,50.0,,CHN,p,,,female,0.01,,0.023,0.0,0.0,-2.574553385945923,-2.660019987977361,2003.0,2002.0
188,49.0,40.0,,CHN,p,,,female,0.004,,0.015,0.0,0.0,-2.574553385945923,-2.660019987977361,2003.0,2002.0
189,39.0,30.0,,CHN,p,,,female,0.006999999999999999,,0.016,0.0,0.0,-2.574553385945923,-2.660019987977361,2003.0,2002.0
190,29.0,20.0,,CHN,p,,,female,0.008,,0.017,0.0,0.0,-2.574553385945923,-2.660019987977361,2003.0,2002.0
191,19.0,19.0,,CHN,p,,,female,0.02,,0.021,0.0,0.0,-2.574553385945923,-2.660019987977361,2003.0,2002.0
192,18.0,18.0,,CHN,p,35.0,,female,-0.99,,0.0,0.0,0.0,-2.574553385945923,-2.660019987977361,2003.0,2002.0
193,69.0,65.0,,CHN,p,55.0,,male,-0.99,,0.0,1.0,0.0,-2.685654183883074,-2.689648944018643,2008.0,2008.0
194,64.0,60.0,,CHN,p,,,male,0.005,,0.005,1.0,0.0,-2.685654183883074,-2.689648944018643,2008.0,2008.0
195,59.0,55.0,,CHN,p,53.0,,male,-0.99,,0.0,1.0,0.0,-2.685654183883074,-2.689648944018643,2008.0,2008.0
196,54.0,50.0,,CHN,p,,,male,0.015,,0.021,1.0,0.0,-2.685654183883074,-2.689648944018643,2008.0,2008.0
197,49.0,45.0,,CHN,p,,,male,0.003,,0.003,1.0,0.0,-2.685654183883074,-2.689648944018643,2008.0,2008.0
198,44.0,40.0,,CHN,p,,,male,0.001,,0.001,1.0,0.0,-2.685654183883074,-2.689648944018643,2008.0,2008.0
199,39.0,35.0,,CHN,p,,,male,0.003,,0.005,1.0,0.0,-2.685654183883074,-2.689648944018643,2008.0,2008.0
200,29.0,25.0,,CHN,p,,,male,0.005,,0.011000000000000001,1.0,0.0,-2.685654183883074,-2.689648944018643,2008.0,2008.0
201,24.0,20.0,,CHN,p,,,male,0.006,,0.015,1.0,0.0,-2.685654183883074,-2.689648944018643,2008.0,2008.0
202,19.0,19.0,,CHN,p,98.0,,male,-0.99,,0.0,1.0,0.0,-2.685654183883074,-2.689648944018643,2008.0,2008.0
203,18.0,18.0,,CHN,p,,,male,0.006999999999999999,,0.006999999999999999,1.0,0.0,-2.685654183883074,-2.689648944018643,2008.0,2008.0
204,69.0,60.0,,CHN,p,,,male,0.006999999999999999,,0.011000000000000001,0.0,0.0,-2.574553385945923,-2.660019987977361,2003.0,2002.0
205,59.0,50.0,,CHN,p,,,male,0.006,,0.013000000000000001,0.0,0.0,-2.574553385945923,-2.660019987977361,2003.0,2002.0
206,49.0,40.0,,CHN,p,,,male,0.005,,0.013999999999999999,0.0,0.0,-2.574553385945923,-2.660019987977361,2003.0,2002.0
207,39.0,30.0,,CHN,p,,,male,0.006,,0.01,0.0,0.0,-2.574553385945923,-2.660019987977361,2003.0,2002.0
208,29.0,20.0,,CHN,p,,,male,0.009000000000000001,,0.016,0.0,0.0,-2.574553385945923,-2.660019987977361,2003.0,2002.0
209,19.0,19.0,,CHN,p,57.0,,male,-0.99,,0.0,0.0,0.0,-2.574553385945923,-2.660019987977361,2003.0,2002.0
210,18.0,18.0,,CHN,p,,,male,0.035,,0.035,0.0,0.0,-2.574553385945923,-2.660019987977361,2003.0,2002.0
211,99.0,65.0,,COL,p,,,female,0.05,,0.076,0.0,0.0,-1.727677173357609,-1.7100021846961972,2003.0,2003.0
212,64.0,60.0,,COL,p,,,female,0.03,,0.1,0.0,0.0,-1.727677173357609,-1.7100021846961972,2003.0,2003.0
213,59.0,50.0,,COL,p,,,female,0.012,,0.05,0.0,0.0,-1.727677173357609,-1.7100021846961972,2003.0,2003.0
214,49.0,40.0,,COL,p,,,female,0.019,,0.10099999999999999,0.0,0.0,-1.727677173357609,-1.7100021846961972,2003.0,2003.0
215,39.0,30.0,,COL,p,,,female,0.013999999999999999,,0.09699999999999999,0.0,0.0,-1.727677173357609,-1.7100021846961972,2003.0,2003.0
216,29.0,20.0,,COL,p,,,female,0.012,,0.086,0.0,0.0,-1.727677173357609,-1.7100021846961972,2003.0,2003.0
217,19.0,19.0,,COL,p,,,female,0.03,,0.084,0.0,0.0,-1.727677173357609,-1.7100021846961972,2003.0,2003.0
218,18.0,18.0,,COL,p,,,female,0.042,,0.106,0.0,0.0,-1.727677173357609,-1.7100021846961972,2003.0,2003.0
219,65.0,65.0,,COL,p,,,female,0.05,,0.076,0.0,1.0,-1.727677173357609,-1.7100021846961972,2003.0,2003.0
220,64.0,60.0,,COL,p,,,female,0.036000000000000004,,0.13699999999999998,0.0,1.0,-1.727677173357609,-1.7100021846961972,2003.0,2003.0
221,59.0,55.0,,COL,p,,,female,0.024,,0.08900000000000001,0.0,1.0,-1.727677173357609,-1.7100021846961972,2003.0,2003.0
222,54.0,50.0,,COL,p,,,female,0.040999999999999995,,0.113,0.0,1.0,-1.727677173357609,-1.7100021846961972,2003.0,2003.0
223,49.0,45.0,,COL,p,,,female,0.033,,0.188,0.0,1.0,-1.727677173357609,-1.7100021846961972,2003.0,2003.0
224,44.0,40.0,,COL,p,,,female,0.040999999999999995,,0.13,0.0,1.0,-1.727677173357609,-1.7100021846961972,2003.0,2003.0
225,39.0,35.0,,COL,p,,,female,0.024,,0.14800000000000002,0.0,1.0,-1.727677173357609,-1.7100021846961972,2003.0,2003.0
226,34.0,30.0,,COL,p,,,female,0.027000000000000003,,0.17,0.0,1.0,-1.727677173357609,-1.7100021846961972,2003.0,2003.0
227,29.0,25.0,,COL,p,,,female,0.016,,0.08900000000000001,0.0,1.0,-1.727677173357609,-1.7100021846961972,2003.0,2003.0
228,24.0,20.0,,COL,p,,,female,0.032,,0.198,0.0,1.0,-1.727677173357609,-1.7100021846961972,2003.0,2003.0
229,19.0,19.0,,COL,p,,,female,0.036000000000000004,,0.107,0.0,1.0,-1.727677173357609,-1.7100021846961972,2003.0,2003.0
230,18.0,18.0,,COL,p,,,female,0.054000000000000006,,0.177,0.0,1.0,-1.727677173357609,-1.7100021846961972,2003.0,2003.0
231,65.0,65.0,,COL,p,,,male,0.125,,0.172,0.0,1.0,-1.727677173357609,-1.7100021846961972,2003.0,2003.0
232,64.0,60.0,,COL,p,,,male,0.033,,0.062,0.0,1.0,-1.727677173357609,-1.7100021846961972,2003.0,2003.0
233,59.0,55.0,,COL,p,,,male,0.040999999999999995,,0.10800000000000001,0.0,1.0,-1.727677173357609,-1.7100021846961972,2003.0,2003.0
234,54.0,50.0,,COL,p,,,male,0.049,,0.113,0.0,1.0,-1.727677173357609,-1.7100021846961972,2003.0,2003.0
235,49.0,45.0,,COL,p,,,male,0.031,,0.07200000000000001,0.0,1.0,-1.727677173357609,-1.7100021846961972,2003.0,2003.0
236,44.0,40.0,,COL,p,,,male,0.033,,0.135,0.0,1.0,-1.727677173357609,-1.7100021846961972,2003.0,2003.0
237,39.0,35.0,,COL,p,,,male,0.031,,0.142,0.0,1.0,-1.727677173357609,-1.7100021846961972,2003.0,2003.0
238,34.0,30.0,,COL,p,,,male,0.019,,0.079,0.0,1.0,-1.727677173357609,-1.7100021846961972,2003.0,2003.0
239,29.0,25.0,,COL,p,,,male,0.019,,0.08900000000000001,0.0,1.0,-1.727677173357609,-1.7100021846961972,2003.0,2003.0
240,24.0,20.0,,COL,p,,,male,0.024,,0.084,0.0,1.0,-1.727677173357609,-1.7100021846961972,2003.0,2003.0
241,19.0,19.0,,COL,p,,,male,0.085,,0.14800000000000002,0.0,1.0,-1.727677173357609,-1.7100021846961972,2003.0,2003.0
242,18.0,18.0,,COL,p,,,male,0.026000000000000002,,0.048,0.0,1.0,-1.727677173357609,-1.7100021846961972,2003.0,2003.0
243,99.0,65.0,,COL,p,,,male,0.052000000000000005,,0.051,0.0,0.0,-1.727677173357609,-1.7100021846961972,2003.0,2003.0
244,64.0,60.0,,COL,p,,,male,0.033,,0.062,0.0,0.0,-1.727677173357609,-1.7100021846961972,2003.0,2003.0
245,59.0,50.0,,COL,p,,,male,0.021,,0.048,0.0,0.0,-1.727677173357609,-1.7100021846961972,2003.0,2003.0
246,49.0,40.0,,COL,p,,,male,0.017,,0.048,0.0,0.0,-1.727677173357609,-1.7100021846961972,2003.0,2003.0
247,39.0,30.0,,COL,p,,,male,0.016,,0.067,0.0,0.0,-1.727677173357609,-1.7100021846961972,2003.0,2003.0
248,29.0,20.0,,COL,p,,,male,0.013999999999999999,,0.057999999999999996,0.0,0.0,-1.727677173357609,-1.7100021846961972,2003.0,2003.0
249,19.0,19.0,,COL,p,,,male,0.073,,0.11900000000000001,0.0,0.0,-1.727677173357609,-1.7100021846961972,2003.0,2003.0
250,18.0,18.0,,COL,p,,,male,0.026000000000000002,,0.040999999999999995,0.0,0.0,-1.727677173357609,-1.7100021846961972,2003.0,2003.0
251,64.0,18.0,,EGY,p,,0.044000000000000004,total,-0.99,0.051,0.0475,0.0,0.0,-2.2844708382176084,-2.236687569017964,2003.0,2003.0
252,99.0,15.0,,ETH,p,,,female,0.0216,,0.076,0.0,0.0,-1.7181933425031206,-1.3894503912428344,1996.0,1995.0
253,99.0,15.0,,ETH,p,,,male,0.0227,,0.048,0.0,0.0,-1.7181933425031206,-1.3894503912428344,1996.0,1995.0
254,9.0,8.0,,FIN,p,,,female,0.0003,,0.073,1.0,0.0,-2.24367306502268,-2.3691054453458076,1997.0,1997.0
255,9.0,8.0,,FIN,p,,,male,0.0001,,0.031,1.0,0.0,-2.24367306502268,-2.3691054453458076,1997.0,1997.0
256,24.0,20.0,,FIN,p,,0.04,female,-0.99,0.166,0.10300000000000001,1.0,0.0,-2.1972762142420175,-2.3559001547473404,1995.0,1995.0
257,24.0,20.0,,FIN,p,,0.0,male,-0.99,0.043,0.02,1.0,0.0,-2.1972762142420175,-2.3559001547473404,1995.0,1995.0
258,99.0,30.0,,FIN,p,,,female,0.0054,,0.048,1.0,1.0,-2.2498540692114264,-2.4021850300861876,2001.0,2000.0
259,99.0,30.0,,FIN,p,,,male,0.0052,,0.037000000000000005,1.0,1.0,-2.2498540692114264,-2.4021850300861876,2001.0,2000.0
260,99.0,65.0,,FIN,p,1665.0,,total,-0.99,,0.013999999999999999,1.0,1.0,-2.2498540692114264,-2.4021850300861876,2001.0,2000.0
261,64.0,55.0,,FIN,p,1003.0,,total,-0.99,,0.017,1.0,1.0,-2.2498540692114264,-2.4021850300861876,2001.0,2000.0
262,54.0,45.0,,FIN,p,1429.0,,total,-0.99,,0.027000000000000003,1.0,1.0,-2.2498540692114264,-2.4021850300861876,2001.0,2000.0
263,44.0,30.0,,FIN,p,1907.0,,total,-0.99,,0.023,1.0,1.0,-2.2498540692114264,-2.4021850300861876,2001.0,2000.0
264,79.0,70.0,,FRA,p,,,female,0.043,,0.113,0.0,0.0,-2.26717031758753,-2.5260261033494484,2003.0,2001.0
265,69.0,60.0,,FRA,p,,,female,0.036000000000000004,,0.136,0.0,0.0,-2.26717031758753,-2.5260261033494484,2003.0,2001.0
266,59.0,50.0,,FRA,p,,,female,0.016,,0.086,0.0,0.0,-2.26717031758753,-2.5260261033494484,2003.0,2001.0
267,49.0,40.0,,FRA,p,,,female,0.022000000000000002,,0.11800000000000001,0.0,0.0,-2.26717031758753,-2.5260261033494484,2003.0,2001.0
268,39.0,30.0,,FRA,p,,,female,0.019,,0.10400000000000001,0.0,0.0,-2.26717031758753,-2.5260261033494484,2003.0,2001.0
269,29.0,20.0,,FRA,p,,,female,0.028999999999999998,,0.11800000000000001,0.0,0.0,-2.26717031758753,-2.5260261033494484,2003.0,2001.0
270,19.0,19.0,,FRA,p,,,female,0.066,,0.13699999999999998,0.0,0.0,-2.26717031758753,-2.5260261033494484,2003.0,2001.0
271,79.0,75.0,,FRA,p,,,female,0.049,,0.078,0.0,1.0,-2.26717031758753,-2.5260261033494484,2003.0,2001.0
272,74.0,70.0,,FRA,p,,,female,0.05,,0.16699999999999998,0.0,1.0,-2.26717031758753,-2.5260261033494484,2003.0,2001.0
273,69.0,65.0,,FRA,p,,,female,0.053,,0.179,0.0,1.0,-2.26717031758753,-2.5260261033494484,2003.0,2001.0
274,64.0,60.0,,FRA,p,,,female,0.045,,0.13699999999999998,0.0,1.0,-2.26717031758753,-2.5260261033494484,2003.0,2001.0
275,59.0,55.0,,FRA,p,,,female,0.043,,0.16699999999999998,0.0,1.0,-2.26717031758753,-2.5260261033494484,2003.0,2001.0
276,54.0,50.0,,FRA,p,,,female,0.03,,0.11699999999999999,0.0,1.0,-2.26717031758753,-2.5260261033494484,2003.0,2001.0
277,49.0,45.0,,FRA,p,,,female,0.023,,0.107,0.0,1.0,-2.26717031758753,-2.5260261033494484,2003.0,2001.0
278,44.0,40.0,,FRA,p,,,female,0.057999999999999996,,0.245,0.0,1.0,-2.26717031758753,-2.5260261033494484,2003.0,2001.0
279,39.0,35.0,,FRA,p,,,female,0.03,,0.166,0.0,1.0,-2.26717031758753,-2.5260261033494484,2003.0,2001.0
280,34.0,30.0,,FRA,p,,,female,0.025,,0.18,0.0,1.0,-2.26717031758753,-2.5260261033494484,2003.0,2001.0
281,29.0,25.0,,FRA,p,,,female,0.039,,0.168,0.0,1.0,-2.26717031758753,-2.5260261033494484,2003.0,2001.0
282,24.0,20.0,,FRA,p,,,female,0.059000000000000004,,0.184,0.0,1.0,-2.26717031758753,-2.5260261033494484,2003.0,2001.0
283,19.0,19.0,,FRA,p,,,female,0.087,,0.203,0.0,1.0,-2.26717031758753,-2.5260261033494484,2003.0,2001.0
284,79.0,75.0,,FRA,p,,,male,0.022000000000000002,,0.022000000000000002,0.0,1.0,-2.26717031758753,-2.5260261033494484,2003.0,2001.0
285,74.0,70.0,,FRA,p,,,male,0.040999999999999995,,0.042,0.0,1.0,-2.26717031758753,-2.5260261033494484,2003.0,2001.0
286,69.0,65.0,,FRA,p,,,male,0.032,,0.05,0.0,1.0,-2.26717031758753,-2.5260261033494484,2003.0,2001.0
287,64.0,60.0,,FRA,p,,,male,0.021,,0.027999999999999997,0.0,1.0,-2.26717031758753,-2.5260261033494484,2003.0,2001.0
288,59.0,55.0,,FRA,p,,,male,0.023,,0.055999999999999994,0.0,1.0,-2.26717031758753,-2.5260261033494484,2003.0,2001.0
289,54.0,50.0,,FRA,p,,,male,0.022000000000000002,,0.061,0.0,1.0,-2.26717031758753,-2.5260261033494484,2003.0,2001.0
290,49.0,45.0,,FRA,p,,,male,0.025,,0.068,0.0,1.0,-2.26717031758753,-2.5260261033494484,2003.0,2001.0
291,44.0,40.0,,FRA,p,,,male,0.021,,0.099,0.0,1.0,-2.26717031758753,-2.5260261033494484,2003.0,2001.0
292,39.0,35.0,,FRA,p,,,male,0.024,,0.087,0.0,1.0,-2.26717031758753,-2.5260261033494484,2003.0,2001.0
293,34.0,30.0,,FRA,p,,,male,0.009000000000000001,,0.023,0.0,1.0,-2.26717031758753,-2.5260261033494484,2003.0,2001.0
294,29.0,25.0,,FRA,p,,,male,0.03,,0.062,0.0,1.0,-2.26717031758753,-2.5260261033494484,2003.0,2001.0
295,24.0,20.0,,FRA,p,,,male,0.05,,0.10800000000000001,0.0,1.0,-2.26717031758753,-2.5260261033494484,2003.0,2001.0
296,19.0,19.0,,FRA,p,,,male,0.066,,0.078,0.0,1.0,-2.26717031758753,-2.5260261033494484,2003.0,2001.0
297,79.0,70.0,,FRA,p,,,male,0.027000000000000003,,0.035,0.0,0.0,-2.26717031758753,-2.5260261033494484,2003.0,2001.0
298,69.0,60.0,,FRA,p,,,male,0.019,,0.032,0.0,0.0,-2.26717031758753,-2.5260261033494484,2003.0,2001.0
299,59.0,50.0,,FRA,p,,,male,0.01,,0.034,0.0,0.0,-2.26717031758753,-2.5260261033494484,2003.0,2001.0
300,49.0,40.0,,FRA,p,,,male,0.013999999999999999,,0.066,0.0,0.0,-2.26717031758753,-2.5260261033494484,2003.0,2001.0
301,39.0,30.0,,FRA,p,,,male,0.011000000000000001,,0.038,0.0,0.0,-2.26717031758753,-2.5260261033494484,2003.0,2001.0
302,29.0,20.0,,FRA,p,,,male,0.013999999999999999,,0.034,0.0,0.0,-2.26717031758753,-2.5260261033494484,2003.0,2001.0
303,19.0,19.0,,FRA,p,,,male,0.066,,0.078,0.0,0.0,-2.26717031758753,-2.5260261033494484,2003.0,2001.0
304,17.0,13.0,,FRA,p,,0.0,total,-0.99,0.078,0.037000000000000005,0.0,0.0,-2.7712917610019576,-2.678567117235005,1999.0,1999.0
305,12.0,7.0,,FRA,p,,,total,0.025,,0.053,0.0,0.0,-2.7712917610019576,-2.678567117235005,1999.0,1999.0
306,99.0,65.0,,FRA,p,,0.158,female,-0.99,0.203,0.18100000000000002,1.0,0.0,-2.2217014038224816,-2.5943916844503048,2001.0,1999.0
307,99.0,65.0,,FRA,p,,0.067,male,-0.99,0.106,0.087,1.0,0.0,-2.2217014038224816,-2.5943916844503048,2001.0,1999.0
308,65.0,18.0,,DEU,p,,,female,0.006999999999999999,,0.127,0.0,0.0,-2.417008553990027,-2.474034419008248,1999.0,1998.0
309,64.0,18.0,,DEU,p,,,female,0.006,,0.073,0.0,0.0,-2.444028821665004,-2.4704676633817795,1997.0,1996.0
310,65.0,18.0,,DEU,p,,,female,0.009000000000000001,,0.198,0.0,1.0,-2.417008553990027,-2.474034419008248,1999.0,1998.0
311,79.0,70.0,,DEU,p,,,female,0.013000000000000001,,0.031,0.0,0.0,-2.3814953034602873,-2.5461160617850553,2003.0,2002.0
312,69.0,60.0,,DEU,p,,,female,0.021,,0.076,0.0,0.0,-2.3814953034602873,-2.5461160617850553,2003.0,2002.0
313,59.0,50.0,,DEU,p,,,female,0.015,,0.085,0.0,0.0,-2.3814953034602873,-2.5461160617850553,2003.0,2002.0
314,49.0,40.0,,DEU,p,,,female,0.015,,0.08800000000000001,0.0,0.0,-2.3814953034602873,-2.5461160617850553,2003.0,2002.0
315,39.0,30.0,,DEU,p,,,female,0.015,,0.086,0.0,0.0,-2.3814953034602873,-2.5461160617850553,2003.0,2002.0
316,29.0,20.0,,DEU,p,,,female,0.027999999999999997,,0.126,0.0,0.0,-2.3814953034602873,-2.5461160617850553,2003.0,2002.0
317,84.0,80.0,,DEU,p,,,female,0.022000000000000002,,0.023,0.0,1.0,-2.3814953034602873,-2.5461160617850553,2003.0,2002.0
318,79.0,75.0,,DEU,p,,,female,0.018000000000000002,,0.032,0.0,1.0,-2.3814953034602873,-2.5461160617850553,2003.0,2002.0
319,74.0,70.0,,DEU,p,,,female,0.026000000000000002,,0.067,0.0,1.0,-2.3814953034602873,-2.5461160617850553,2003.0,2002.0
320,69.0,65.0,,DEU,p,,,female,0.031,,0.099,0.0,1.0,-2.3814953034602873,-2.5461160617850553,2003.0,2002.0
321,64.0,60.0,,DEU,p,,,female,0.023,,0.078,0.0,1.0,-2.3814953034602873,-2.5461160617850553,2003.0,2002.0
322,59.0,55.0,,DEU,p,,,female,0.018000000000000002,,0.115,0.0,1.0,-2.3814953034602873,-2.5461160617850553,2003.0,2002.0
323,54.0,50.0,,DEU,p,,,female,0.027999999999999997,,0.102,0.0,1.0,-2.3814953034602873,-2.5461160617850553,2003.0,2002.0
324,49.0,45.0,,DEU,p,,,female,0.026000000000000002,,0.113,0.0,1.0,-2.3814953034602873,-2.5461160617850553,2003.0,2002.0
325,44.0,40.0,,DEU,p,,,female,0.023,,0.113,0.0,1.0,-2.3814953034602873,-2.5461160617850553,2003.0,2002.0
326,39.0,35.0,,DEU,p,,,female,0.025,,0.136,0.0,1.0,-2.3814953034602873,-2.5461160617850553,2003.0,2002.0
327,34.0,30.0,,DEU,p,,,female,0.023,,0.12300000000000001,0.0,1.0,-2.3814953034602873,-2.5461160617850553,2003.0,2002.0
328,29.0,25.0,,DEU,p,,,female,0.039,,0.11699999999999999,0.0,1.0,-2.3814953034602873,-2.5461160617850553,2003.0,2002.0
329,24.0,20.0,,DEU,p,,,female,0.045,,0.212,0.0,1.0,-2.3814953034602873,-2.5461160617850553,2003.0,2002.0
330,24.0,14.0,,DEU,p,,,female,0.01279,,0.138,0.0,1.0,-2.44434337658555,-2.445599911362807,1995.0,1995.0
331,65.0,18.0,,DEU,p,,,male,0.005,,0.053,0.0,0.0,-2.417008553990027,-2.474034419008248,1999.0,1998.0
332,64.0,18.0,,DEU,p,,,male,0.003,,0.025,0.0,0.0,-2.444028821665004,-2.4704676633817795,1997.0,1996.0
333,65.0,18.0,,DEU,p,,,male,0.006,,0.092,0.0,1.0,-2.417008553990027,-2.474034419008248,1999.0,1998.0
334,84.0,80.0,,DEU,p,29.0,,male,-0.99,,0.0,0.0,1.0,-2.3814953034602873,-2.5461160617850553,2003.0,2002.0
335,79.0,75.0,,DEU,p,,,male,0.028999999999999998,,0.047,0.0,1.0,-2.3814953034602873,-2.5461160617850553,2003.0,2002.0
336,74.0,70.0,,DEU,p,,,male,0.022000000000000002,,0.038,0.0,1.0,-2.3814953034602873,-2.5461160617850553,2003.0,2002.0
337,69.0,65.0,,DEU,p,,,male,0.015,,0.03,0.0,1.0,-2.3814953034602873,-2.5461160617850553,2003.0,2002.0
338,64.0,60.0,,DEU,p,,,male,0.02,,0.044000000000000004,0.0,1.0,-2.3814953034602873,-2.5461160617850553,2003.0,2002.0
339,59.0,55.0,,DEU,p,,,male,0.026000000000000002,,0.073,0.0,1.0,-2.3814953034602873,-2.5461160617850553,2003.0,2002.0
340,54.0,50.0,,DEU,p,,,male,0.044000000000000004,,0.12,0.0,1.0,-2.3814953034602873,-2.5461160617850553,2003.0,2002.0
341,49.0,45.0,,DEU,p,,,male,0.024,,0.087,0.0,1.0,-2.3814953034602873,-2.5461160617850553,2003.0,2002.0
342,44.0,40.0,,DEU,p,,,male,0.011000000000000001,,0.03,0.0,1.0,-2.3814953034602873,-2.5461160617850553,2003.0,2002.0
343,39.0,35.0,,DEU,p,,,male,0.023,,0.07400000000000001,0.0,1.0,-2.3814953034602873,-2.5461160617850553,2003.0,2002.0
344,34.0,30.0,,DEU,p,,,male,0.021,,0.059000000000000004,0.0,1.0,-2.3814953034602873,-2.5461160617850553,2003.0,2002.0
345,29.0,25.0,,DEU,p,,,male,0.018000000000000002,,0.042,0.0,1.0,-2.3814953034602873,-2.5461160617850553,2003.0,2002.0
346,24.0,20.0,,DEU,p,,,male,0.028999999999999998,,0.084,0.0,1.0,-2.3814953034602873,-2.5461160617850553,2003.0,2002.0
347,79.0,70.0,,DEU,p,,,male,0.016,,0.032,0.0,0.0,-2.3814953034602873,-2.5461160617850553,2003.0,2002.0
348,69.0,60.0,,DEU,p,,,male,0.009000000000000001,,0.021,0.0,0.0,-2.3814953034602873,-2.5461160617850553,2003.0,2002.0
349,59.0,50.0,,DEU,p,,,male,0.02,,0.057,0.0,0.0,-2.3814953034602873,-2.5461160617850553,2003.0,2002.0
350,49.0,40.0,,DEU,p,,,male,0.008,,0.038,0.0,0.0,-2.3814953034602873,-2.5461160617850553,2003.0,2002.0
351,39.0,30.0,,DEU,p,,,male,0.012,,0.048,0.0,0.0,-2.3814953034602873,-2.5461160617850553,2003.0,2002.0
352,29.0,20.0,,DEU,p,,,male,0.013000000000000001,,0.037000000000000005,0.0,0.0,-2.3814953034602873,-2.5461160617850553,2003.0,2002.0
353,24.0,14.0,,DEU,p,,,male,0.007940000000000001,,0.047,0.0,1.0,-2.44434337658555,-2.445599911362807,1995.0,1995.0
354,15.0,13.0,,HKG,p,,0.054000000000000006,female,-0.99,0.12,0.087,1.0,0.0,-2.429323379129437,-2.429955955289497,2001.0,2001.0
355,15.0,13.0,,HKG,p,,0.023,male,-0.99,0.077,0.05,1.0,0.0,-2.429323379129437,-2.429955955289497,2001.0,2001.0
356,65.0,18.0,,HUN,p,,,total,0.01,,0.096,1.0,0.0,-2.479652166416935,-2.658692823093091,1999.0,1998.0
357,60.0,13.0,,IND,p,,,female,0.0123,,0.0286,1.0,0.0,-2.147340620605204,-2.1625156415484357,1999.0,1998.0
358,60.0,13.0,,IND,p,,,male,0.0060999999999999995,,0.0074,1.0,0.0,-2.147340620605204,-2.1625156415484357,1999.0,1998.0
359,99.0,60.0,,IND,p,,,total,0.0278,,0.08,1.0,0.0,-1.977606785478118,-2.1431556237991747,2000.0,1999.0
360,79.0,75.0,,IND,p,,,female,0.051,,0.045,0.0,0.0,-2.107203412743424,-2.1856746687789133,2005.0,2003.0
361,74.0,70.0,,IND,p,,,female,0.032,,0.043,0.0,0.0,-2.107203412743424,-2.1856746687789133,2005.0,2003.0
362,69.0,65.0,,IND,p,,,female,0.05,,0.099,0.0,0.0,-2.107203412743424,-2.1856746687789133,2005.0,2003.0
363,64.0,60.0,,IND,p,,,female,0.031,,0.067,0.0,0.0,-2.107203412743424,-2.1856746687789133,2005.0,2003.0
364,59.0,55.0,,IND,p,,,female,0.033,,0.111,0.0,0.0,-2.107203412743424,-2.1856746687789133,2005.0,2003.0
365,54.0,50.0,,IND,p,,,female,0.022000000000000002,,0.049,0.0,0.0,-2.107203412743424,-2.1856746687789133,2005.0,2003.0
366,49.0,45.0,,IND,p,,,female,0.03,,0.069,0.0,0.0,-2.107203412743424,-2.1856746687789133,2005.0,2003.0
367,44.0,40.0,,IND,p,,,female,0.016,,0.045,0.0,0.0,-2.107203412743424,-2.1856746687789133,2005.0,2003.0
368,39.0,35.0,,IND,p,,,female,0.013999999999999999,,0.038,0.0,0.0,-2.107203412743424,-2.1856746687789133,2005.0,2003.0
369,34.0,30.0,,IND,p,,,female,0.018000000000000002,,0.048,0.0,0.0,-2.107203412743424,-2.1856746687789133,2005.0,2003.0
370,29.0,25.0,,IND,p,,,female,0.011000000000000001,,0.023,0.0,0.0,-2.107203412743424,-2.1856746687789133,2005.0,2003.0
371,24.0,20.0,,IND,p,,,female,0.013999999999999999,,0.033,0.0,0.0,-2.107203412743424,-2.1856746687789133,2005.0,2003.0
372,19.0,19.0,,IND,p,,,female,0.028999999999999998,,0.03,0.0,0.0,-2.107203412743424,-2.1856746687789133,2005.0,2003.0
373,18.0,18.0,,IND,p,,,female,0.034,,0.061,0.0,0.0,-2.107203412743424,-2.1856746687789133,2005.0,2003.0
374,79.0,75.0,,IND,p,,,female,0.051,,0.045,0.0,1.0,-2.107203412743424,-2.1856746687789133,2005.0,2003.0
375,74.0,70.0,,IND,p,,,female,0.042,,0.095,0.0,1.0,-2.107203412743424,-2.1856746687789133,2005.0,2003.0
376,69.0,65.0,,IND,p,,,female,0.052000000000000005,,0.129,0.0,1.0,-2.107203412743424,-2.1856746687789133,2005.0,2003.0
377,64.0,60.0,,IND,p,,,female,0.037000000000000005,,0.106,0.0,1.0,-2.107203412743424,-2.1856746687789133,2005.0,2003.0
378,59.0,55.0,,IND,p,,,female,0.053,,0.2,0.0,1.0,-2.107203412743424,-2.1856746687789133,2005.0,2003.0
379,54.0,50.0,,IND,p,,,female,0.031,,0.091,0.0,1.0,-2.107203412743424,-2.1856746687789133,2005.0,2003.0
380,49.0,45.0,,IND,p,,,female,0.028999999999999998,,0.152,0.0,1.0,-2.107203412743424,-2.1856746687789133,2005.0,2003.0
381,44.0,40.0,,IND,p,,,female,0.016,,0.133,0.0,1.0,-2.107203412743424,-2.1856746687789133,2005.0,2003.0
382,39.0,35.0,,IND,p,,,female,0.021,,0.114,0.0,1.0,-2.107203412743424,-2.1856746687789133,2005.0,2003.0
383,34.0,30.0,,IND,p,,,female,0.027000000000000003,,0.135,0.0,1.0,-2.107203412743424,-2.1856746687789133,2005.0,2003.0
384,29.0,25.0,,IND,p,,,female,0.022000000000000002,,0.098,0.0,1.0,-2.107203412743424,-2.1856746687789133,2005.0,2003.0
385,24.0,20.0,,IND,p,,,female,0.022000000000000002,,0.09699999999999999,0.0,1.0,-2.107203412743424,-2.1856746687789133,2005.0,2003.0
386,19.0,19.0,,IND,p,,,female,0.05,,0.098,0.0,1.0,-2.107203412743424,-2.1856746687789133,2005.0,2003.0
387,18.0,18.0,,IND,p,,,female,0.042,,0.10300000000000001,0.0,1.0,-2.107203412743424,-2.1856746687789133,2005.0,2003.0
388,79.0,75.0,,IND,p,,,male,0.102,,0.146,0.0,1.0,-2.107203412743424,-2.1856746687789133,2005.0,2003.0
389,74.0,70.0,,IND,p,,,male,0.063,,0.09699999999999999,0.0,1.0,-2.107203412743424,-2.1856746687789133,2005.0,2003.0
390,69.0,65.0,,IND,p,,,male,0.039,,0.051,0.0,1.0,-2.107203412743424,-2.1856746687789133,2005.0,2003.0
391,64.0,60.0,,IND,p,,,male,0.034,,0.068,0.0,1.0,-2.107203412743424,-2.1856746687789133,2005.0,2003.0
392,59.0,55.0,,IND,p,,,male,0.037000000000000005,,0.066,0.0,1.0,-2.107203412743424,-2.1856746687789133,2005.0,2003.0
393,54.0,50.0,,IND,p,,,male,0.028999999999999998,,0.091,0.0,1.0,-2.107203412743424,-2.1856746687789133,2005.0,2003.0
394,49.0,45.0,,IND,p,,,male,0.03,,0.092,0.0,1.0,-2.107203412743424,-2.1856746687789133,2005.0,2003.0
395,44.0,40.0,,IND,p,,,male,0.023,,0.07,0.0,1.0,-2.107203412743424,-2.1856746687789133,2005.0,2003.0
396,39.0,35.0,,IND,p,,,male,0.017,,0.053,0.0,1.0,-2.107203412743424,-2.1856746687789133,2005.0,2003.0
397,34.0,30.0,,IND,p,,,male,0.024,,0.065,0.0,1.0,-2.107203412743424,-2.1856746687789133,2005.0,2003.0
398,29.0,25.0,,IND,p,,,male,0.019,,0.048,0.0,1.0,-2.107203412743424,-2.1856746687789133,2005.0,2003.0
399,24.0,20.0,,IND,p,,,male,0.018000000000000002,,0.05,0.0,1.0,-2.107203412743424,-2.1856746687789133,2005.0,2003.0
400,19.0,19.0,,IND,p,,,male,0.055999999999999994,,0.09300000000000001,0.0,1.0,-2.107203412743424,-2.1856746687789133,2005.0,2003.0
401,18.0,18.0,,IND,p,,,male,0.047,,0.047,0.0,1.0,-2.107203412743424,-2.1856746687789133,2005.0,2003.0
402,79.0,75.0,,IND,p,,,male,0.102,,0.146,0.0,0.0,-2.107203412743424,-2.1856746687789133,2005.0,2003.0
403,74.0,70.0,,IND,p,,,male,0.038,,0.048,0.0,0.0,-2.107203412743424,-2.1856746687789133,2005.0,2003.0
404,69.0,65.0,,IND,p,45.0,,male,-0.99,,0.0,0.0,0.0,-2.107203412743424,-2.1856746687789133,2005.0,2003.0
405,64.0,60.0,,IND,p,,,male,0.033,,0.055,0.0,0.0,-2.107203412743424,-2.1856746687789133,2005.0,2003.0
406,59.0,55.0,,IND,p,,,male,0.022000000000000002,,0.022000000000000002,0.0,0.0,-2.107203412743424,-2.1856746687789133,2005.0,2003.0
407,54.0,50.0,,IND,p,,,male,0.013999999999999999,,0.018000000000000002,0.0,0.0,-2.107203412743424,-2.1856746687789133,2005.0,2003.0
408,49.0,45.0,,IND,p,,,male,0.013000000000000001,,0.017,0.0,0.0,-2.107203412743424,-2.1856746687789133,2005.0,2003.0
409,44.0,40.0,,IND,p,,,male,0.018000000000000002,,0.03,0.0,0.0,-2.107203412743424,-2.1856746687789133,2005.0,2003.0
410,39.0,35.0,,IND,p,,,male,0.01,,0.019,0.0,0.0,-2.107203412743424,-2.1856746687789133,2005.0,2003.0
411,34.0,30.0,,IND,p,,,male,0.013000000000000001,,0.025,0.0,0.0,-2.107203412743424,-2.1856746687789133,2005.0,2003.0
412,29.0,25.0,,IND,p,141.0,,male,-0.99,,0.0,0.0,0.0,-2.107203412743424,-2.1856746687789133,2005.0,2003.0
413,24.0,20.0,,IND,p,,,male,0.013000000000000001,,0.023,0.0,0.0,-2.107203412743424,-2.1856746687789133,2005.0,2003.0
414,19.0,19.0,,IND,p,,,male,0.042,,0.040999999999999995,0.0,0.0,-2.107203412743424,-2.1856746687789133,2005.0,2003.0
415,18.0,18.0,,IND,p,29.0,,male,-0.99,,0.0,0.0,0.0,-2.107203412743424,-2.1856746687789133,2005.0,2003.0
416,16.0,12.0,,IND,p,,,total,0.0032,,0.01,0.0,0.0,-2.0049101525815853,-2.18238993569035,2003.0,2002.0
417,79.0,75.0,,IRQ,p,,,female,0.034,,0.038,0.0,0.0,-1.3774265604270892,-1.6207569820535939,2007.0,2006.0
418,74.0,70.0,,IRQ,p,,,female,0.026000000000000002,,0.027999999999999997,0.0,0.0,-1.3774265604270892,-1.6207569820535939,2007.0,2006.0
419,69.0,65.0,,IRQ,p,,,female,0.027000000000000003,,0.040999999999999995,0.0,0.0,-1.3774265604270892,-1.6207569820535939,2007.0,2006.0
420,64.0,60.0,,IRQ,p,,,female,0.018000000000000002,,0.027999999999999997,0.0,0.0,-1.3774265604270892,-1.6207569820535939,2007.0,2006.0
421,59.0,55.0,,IRQ,p,,,female,0.02,,0.049,0.0,0.0,-1.3774265604270892,-1.6207569820535939,2007.0,2006.0
422,54.0,50.0,,IRQ,p,,,female,0.027999999999999997,,0.066,0.0,0.0,-1.3774265604270892,-1.6207569820535939,2007.0,2006.0
423,49.0,45.0,,IRQ,p,,,female,0.016,,0.028999999999999998,0.0,0.0,-1.3774265604270892,-1.6207569820535939,2007.0,2006.0
424,44.0,40.0,,IRQ,p,,,female,0.03,,0.099,0.0,0.0,-1.3774265604270892,-1.6207569820535939,2007.0,2006.0
425,39.0,35.0,,IRQ,p,,,female,0.027999999999999997,,0.086,0.0,0.0,-1.3774265604270892,-1.6207569820535939,2007.0,2006.0
426,34.0,30.0,,IRQ,p,,,female,0.008,,0.04,0.0,0.0,-1.3774265604270892,-1.6207569820535939,2007.0,2006.0
427,29.0,25.0,,IRQ,p,,,female,0.032,,0.107,0.0,0.0,-1.3774265604270892,-1.6207569820535939,2007.0,2006.0
428,24.0,20.0,,IRQ,p,,,female,0.022000000000000002,,0.107,0.0,0.0,-1.3774265604270892,-1.6207569820535939,2007.0,2006.0
429,19.0,19.0,,IRQ,p,,,female,0.05,,0.113,0.0,0.0,-1.3774265604270892,-1.6207569820535939,2007.0,2006.0
430,18.0,18.0,,IRQ,p,,,female,0.08,,0.16399999999999998,0.0,0.0,-1.3774265604270892,-1.6207569820535939,2007.0,2006.0
431,79.0,75.0,,IRQ,p,,,female,0.034,,0.038,0.0,1.0,-1.3774265604270892,-1.6207569820535939,2007.0,2006.0
432,74.0,70.0,,IRQ,p,,,female,0.026000000000000002,,0.033,0.0,1.0,-1.3774265604270892,-1.6207569820535939,2007.0,2006.0
433,69.0,65.0,,IRQ,p,,,female,0.027000000000000003,,0.040999999999999995,0.0,1.0,-1.3774265604270892,-1.6207569820535939,2007.0,2006.0
434,64.0,60.0,,IRQ,p,,,female,0.018000000000000002,,0.027999999999999997,0.0,1.0,-1.3774265604270892,-1.6207569820535939,2007.0,2006.0
435,59.0,55.0,,IRQ,p,,,female,0.022000000000000002,,0.057,0.0,1.0,-1.3774265604270892,-1.6207569820535939,2007.0,2006.0
436,54.0,50.0,,IRQ,p,,,female,0.027000000000000003,,0.08199999999999999,0.0,1.0,-1.3774265604270892,-1.6207569820535939,2007.0,2006.0
437,49.0,45.0,,IRQ,p,,,female,0.021,,0.049,0.0,1.0,-1.3774265604270892,-1.6207569820535939,2007.0,2006.0
438,44.0,40.0,,IRQ,p,,,female,0.035,,0.133,0.0,1.0,-1.3774265604270892,-1.6207569820535939,2007.0,2006.0
439,39.0,35.0,,IRQ,p,,,female,0.034,,0.111,0.0,1.0,-1.3774265604270892,-1.6207569820535939,2007.0,2006.0
440,34.0,30.0,,IRQ,p,,,female,0.011000000000000001,,0.078,0.0,1.0,-1.3774265604270892,-1.6207569820535939,2007.0,2006.0
441,29.0,25.0,,IRQ,p,,,female,0.033,,0.113,0.0,1.0,-1.3774265604270892,-1.6207569820535939,2007.0,2006.0
442,24.0,20.0,,IRQ,p,,,female,0.025,,0.131,0.0,1.0,-1.3774265604270892,-1.6207569820535939,2007.0,2006.0
443,19.0,19.0,,IRQ,p,,,female,0.051,,0.129,0.0,1.0,-1.3774265604270892,-1.6207569820535939,2007.0,2006.0
444,18.0,18.0,,IRQ,p,,,female,0.087,,0.209,0.0,1.0,-1.3774265604270892,-1.6207569820535939,2007.0,2006.0
445,79.0,75.0,,IRQ,p,30.0,,male,-0.99,,0.0,0.0,1.0,-1.3774265604270892,-1.6207569820535939,2007.0,2006.0
446,74.0,70.0,,IRQ,p,,,male,0.138,,0.174,0.0,1.0,-1.3774265604270892,-1.6207569820535939,2007.0,2006.0
447,69.0,65.0,,IRQ,p,,,male,0.052000000000000005,,0.07,0.0,1.0,-1.3774265604270892,-1.6207569820535939,2007.0,2006.0
448,64.0,60.0,,IRQ,p,,,male,0.021,,0.021,0.0,1.0,-1.3774265604270892,-1.6207569820535939,2007.0,2006.0
449,59.0,55.0,,IRQ,p,,,male,0.009000000000000001,,0.013000000000000001,0.0,1.0,-1.3774265604270892,-1.6207569820535939,2007.0,2006.0
450,54.0,50.0,,IRQ,p,,,male,0.03,,0.042,0.0,1.0,-1.3774265604270892,-1.6207569820535939,2007.0,2006.0
451,49.0,45.0,,IRQ,p,,,male,0.04,,0.079,0.0,1.0,-1.3774265604270892,-1.6207569820535939,2007.0,2006.0
452,44.0,40.0,,IRQ,p,,,male,0.040999999999999995,,0.083,0.0,1.0,-1.3774265604270892,-1.6207569820535939,2007.0,2006.0
453,39.0,35.0,,IRQ,p,,,male,0.01,,0.034,0.0,1.0,-1.3774265604270892,-1.6207569820535939,2007.0,2006.0
454,34.0,30.0,,IRQ,p,,,male,0.008,,0.025,0.0,1.0,-1.3774265604270892,-1.6207569820535939,2007.0,2006.0
455,29.0,25.0,,IRQ,p,,,male,0.025,,0.069,0.0,1.0,-1.3774265604270892,-1.6207569820535939,2007.0,2006.0
456,24.0,20.0,,IRQ,p,,,male,0.008,,0.034,0.0,1.0,-1.3774265604270892,-1.6207569820535939,2007.0,2006.0
457,19.0,19.0,,IRQ,p,,,male,0.044000000000000004,,0.047,0.0,1.0,-1.3774265604270892,-1.6207569820535939,2007.0,2006.0
458,18.0,18.0,,IRQ,p,,,male,0.062,,0.113,0.0,1.0,-1.3774265604270892,-1.6207569820535939,2007.0,2006.0
459,79.0,75.0,,IRQ,p,30.0,,male,-0.99,,0.0,0.0,0.0,-1.3774265604270892,-1.6207569820535939,2007.0,2006.0
460,74.0,70.0,,IRQ,p,,,male,0.138,,0.174,0.0,0.0,-1.3774265604270892,-1.6207569820535939,2007.0,2006.0
461,69.0,65.0,,IRQ,p,,,male,0.013000000000000001,,0.012,0.0,0.0,-1.3774265604270892,-1.6207569820535939,2007.0,2006.0
462,64.0,60.0,,IRQ,p,,,male,0.021,,0.021,0.0,0.0,-1.3774265604270892,-1.6207569820535939,2007.0,2006.0
463,59.0,55.0,,IRQ,p,,,male,0.009000000000000001,,0.009000000000000001,0.0,0.0,-1.3774265604270892,-1.6207569820535939,2007.0,2006.0
464,54.0,50.0,,IRQ,p,,,male,0.003,,0.004,0.0,0.0,-1.3774265604270892,-1.6207569820535939,2007.0,2006.0
465,49.0,45.0,,IRQ,p,,,male,0.036000000000000004,,0.048,0.0,0.0,-1.3774265604270892,-1.6207569820535939,2007.0,2006.0
466,44.0,40.0,,IRQ,p,,,male,0.033,,0.039,0.0,0.0,-1.3774265604270892,-1.6207569820535939,2007.0,2006.0
467,39.0,35.0,,IRQ,p,,,male,0.01,,0.026000000000000002,0.0,0.0,-1.3774265604270892,-1.6207569820535939,2007.0,2006.0
468,34.0,30.0,,IRQ,p,,,male,0.006999999999999999,,0.013999999999999999,0.0,0.0,-1.3774265604270892,-1.6207569820535939,2007.0,2006.0
469,29.0,25.0,,IRQ,p,,,male,0.013999999999999999,,0.032,0.0,0.0,-1.3774265604270892,-1.6207569820535939,2007.0,2006.0
470,24.0,20.0,,IRQ,p,,,male,0.008,,0.024,0.0,0.0,-1.3774265604270892,-1.6207569820535939,2007.0,2006.0
471,19.0,19.0,,IRQ,p,,,male,0.044000000000000004,,0.047,0.0,0.0,-1.3774265604270892,-1.6207569820535939,2007.0,2006.0
472,18.0,18.0,,IRQ,p,,,male,0.062,,0.106,0.0,0.0,-1.3774265604270892,-1.6207569820535939,2007.0,2006.0
473,15.0,12.0,,IRL,p,,0.006999999999999999,total,-0.99,0.067,0.037000000000000005,1.0,0.0,,-2.731736660410992,2004.0,2004.0
474,99.0,80.0,,ISR,p,,,female,0.013000000000000001,,0.019,1.0,0.0,-1.5066708861813838,-1.6906255773858836,2004.0,2003.0
475,79.0,70.0,,ISR,p,,,female,0.013000000000000001,,0.034,1.0,0.0,-1.5066708861813838,-1.6906255773858836,2004.0,2003.0
476,69.0,60.0,,ISR,p,,,female,0.01,,0.027999999999999997,1.0,0.0,-1.5066708861813838,-1.6906255773858836,2004.0,2003.0
477,59.0,50.0,,ISR,p,,,female,0.006999999999999999,,0.017,1.0,0.0,-1.5066708861813838,-1.6906255773858836,2004.0,2003.0
478,49.0,40.0,,ISR,p,,,female,0.006999999999999999,,0.016,1.0,0.0,-1.5066708861813838,-1.6906255773858836,2004.0,2003.0
479,39.0,30.0,,ISR,p,,,female,0.005,,0.012,1.0,0.0,-1.5066708861813838,-1.6906255773858836,2004.0,2003.0
480,29.0,21.0,,ISR,p,,,female,0.005,,0.009000000000000001,1.0,0.0,-1.5066708861813838,-1.6906255773858836,2004.0,2003.0
481,99.0,85.0,,ISR,p,,,female,0.025,,0.026000000000000002,1.0,1.0,-1.5066708861813838,-1.6906255773858836,2004.0,2003.0
482,84.0,80.0,,ISR,p,,,female,0.015,,0.015,1.0,1.0,-1.5066708861813838,-1.6906255773858836,2004.0,2003.0
483,79.0,75.0,,ISR,p,,,female,0.023,,0.061,1.0,1.0,-1.5066708861813838,-1.6906255773858836,2004.0,2003.0
484,74.0,70.0,,ISR,p,,,female,0.021,,0.047,1.0,1.0,-1.5066708861813838,-1.6906255773858836,2004.0,2003.0
485,69.0,65.0,,ISR,p,,,female,0.018000000000000002,,0.052000000000000005,1.0,1.0,-1.5066708861813838,-1.6906255773858836,2004.0,2003.0
486,64.0,60.0,,ISR,p,,,female,0.024,,0.078,1.0,1.0,-1.5066708861813838,-1.6906255773858836,2004.0,2003.0
487,59.0,55.0,,ISR,p,,,female,0.019,,0.068,1.0,1.0,-1.5066708861813838,-1.6906255773858836,2004.0,2003.0
488,54.0,50.0,,ISR,p,,,female,0.019,,0.079,1.0,1.0,-1.5066708861813838,-1.6906255773858836,2004.0,2003.0
489,49.0,45.0,,ISR,p,,,female,0.013999999999999999,,0.040999999999999995,1.0,1.0,-1.5066708861813838,-1.6906255773858836,2004.0,2003.0
490,44.0,40.0,,ISR,p,,,female,0.012,,0.035,1.0,1.0,-1.5066708861813838,-1.6906255773858836,2004.0,2003.0
491,39.0,35.0,,ISR,p,,,female,0.02,,0.077,1.0,1.0,-1.5066708861813838,-1.6906255773858836,2004.0,2003.0
492,34.0,30.0,,ISR,p,,,female,0.011000000000000001,,0.039,1.0,1.0,-1.5066708861813838,-1.6906255773858836,2004.0,2003.0
493,29.0,25.0,,ISR,p,,,female,0.012,,0.044000000000000004,1.0,1.0,-1.5066708861813838,-1.6906255773858836,2004.0,2003.0
494,24.0,24.0,,ISR,p,,,female,0.015,,0.015,1.0,1.0,-1.5066708861813838,-1.6906255773858836,2004.0,2003.0
495,23.0,23.0,,ISR,p,,,female,0.016,,0.016,1.0,1.0,-1.5066708861813838,-1.6906255773858836,2004.0,2003.0
496,22.0,22.0,,ISR,p,52.0,,female,-0.99,,0.0,1.0,1.0,-1.5066708861813838,-1.6906255773858836,2004.0,2003.0
497,21.0,21.0,,ISR,p,,,female,0.025,,0.036000000000000004,1.0,1.0,-1.5066708861813838,-1.6906255773858836,2004.0,2003.0
498,99.0,85.0,,ISR,p,24.0,,male,-0.99,,0.0,1.0,1.0,-1.5066708861813838,-1.6906255773858836,2004.0,2003.0
499,84.0,80.0,,ISR,p,,,male,0.018000000000000002,,0.018000000000000002,1.0,1.0,-1.5066708861813838,-1.6906255773858836,2004.0,2003.0
500,79.0,75.0,,ISR,p,,,male,0.012,,0.012,1.0,1.0,-1.5066708861813838,-1.6906255773858836,2004.0,2003.0
501,74.0,70.0,,ISR,p,,,male,0.022000000000000002,,0.05,1.0,1.0,-1.5066708861813838,-1.6906255773858836,2004.0,2003.0
502,69.0,65.0,,ISR,p,,,male,0.022000000000000002,,0.051,1.0,1.0,-1.5066708861813838,-1.6906255773858836,2004.0,2003.0
503,64.0,60.0,,ISR,p,,,male,0.015,,0.025,1.0,1.0,-1.5066708861813838,-1.6906255773858836,2004.0,2003.0
504,59.0,55.0,,ISR,p,,,male,0.012,,0.027999999999999997,1.0,1.0,-1.5066708861813838,-1.6906255773858836,2004.0,2003.0
505,54.0,50.0,,ISR,p,,,male,0.01,,0.021,1.0,1.0,-1.5066708861813838,-1.6906255773858836,2004.0,2003.0
506,49.0,45.0,,ISR,p,,,male,0.013000000000000001,,0.035,1.0,1.0,-1.5066708861813838,-1.6906255773858836,2004.0,2003.0
507,44.0,40.0,,ISR,p,,,male,0.011000000000000001,,0.032,1.0,1.0,-1.5066708861813838,-1.6906255773858836,2004.0,2003.0
508,39.0,35.0,,ISR,p,,,male,0.005,,0.006999999999999999,1.0,1.0,-1.5066708861813838,-1.6906255773858836,2004.0,2003.0
509,34.0,30.0,,ISR,p,,,male,0.011000000000000001,,0.028999999999999998,1.0,1.0,-1.5066708861813838,-1.6906255773858836,2004.0,2003.0
510,29.0,25.0,,ISR,p,,,male,0.01,,0.028999999999999998,1.0,1.0,-1.5066708861813838,-1.6906255773858836,2004.0,2003.0
511,24.0,24.0,,ISR,p,,,male,0.016,,0.017,1.0,1.0,-1.5066708861813838,-1.6906255773858836,2004.0,2003.0
512,23.0,23.0,,ISR,p,,,male,0.022000000000000002,,0.031,1.0,1.0,-1.5066708861813838,-1.6906255773858836,2004.0,2003.0
513,22.0,22.0,,ISR,p,,,male,0.018000000000000002,,0.018000000000000002,1.0,1.0,-1.5066708861813838,-1.6906255773858836,2004.0,2003.0
514,21.0,21.0,,ISR,p,,,male,0.019,,0.019,1.0,1.0,-1.5066708861813838,-1.6906255773858836,2004.0,2003.0
515,99.0,80.0,,ISR,p,77.0,,male,-0.99,,0.0,1.0,0.0,-1.5066708861813838,-1.6906255773858836,2004.0,2003.0
516,79.0,70.0,,ISR,p,,,male,0.006999999999999999,,0.01,1.0,0.0,-1.5066708861813838,-1.6906255773858836,2004.0,2003.0
517,69.0,60.0,,ISR,p,,,male,0.01,,0.017,1.0,0.0,-1.5066708861813838,-1.6906255773858836,2004.0,2003.0
518,59.0,50.0,,ISR,p,,,male,0.006,,0.013000000000000001,1.0,0.0,-1.5066708861813838,-1.6906255773858836,2004.0,2003.0
519,49.0,40.0,,ISR,p,,,male,0.004,,0.006999999999999999,1.0,0.0,-1.5066708861813838,-1.6906255773858836,2004.0,2003.0
520,39.0,30.0,,ISR,p,,,male,0.003,,0.006,1.0,0.0,-1.5066708861813838,-1.6906255773858836,2004.0,2003.0
521,29.0,21.0,,ISR,p,,,male,0.004,,0.009000000000000001,1.0,0.0,-1.5066708861813838,-1.6906255773858836,2004.0,2003.0
522,99.0,14.0,,ITA,p,,0.091,female,-0.99,0.124,0.107,0.0,1.0,-4.029621537411595,-2.975404133162605,2001.0,2001.0
523,99.0,14.0,,ITA,p,,0.078,female,-0.99,0.11,0.094,0.0,0.0,-4.029621537411595,-2.975404133162605,2001.0,2001.0
524,87.0,18.0,,ITA,p,,0.009000000000000001,female,-0.99,0.084,0.033,1.0,0.0,-2.7892843024572387,-2.7266934338507736,1993.0,1993.0
525,99.0,14.0,,ITA,p,,0.036000000000000004,male,-0.99,0.062,0.049,0.0,1.0,-4.029621537411595,-2.975404133162605,2001.0,2001.0
526,99.0,14.0,,ITA,p,,0.027999999999999997,male,-0.99,0.051,0.039,0.0,0.0,-4.029621537411595,-2.975404133162605,2001.0,2001.0
527,87.0,18.0,,ITA,p,,0.002,male,-0.99,0.064,0.018000000000000002,1.0,0.0,-2.7892843024572387,-2.7266934338507736,1993.0,1993.0
528,99.0,15.0,,ITA,p,,,total,0.0118,,0.0801,0.0,0.0,-2.6882964452156686,-2.68903513025967,1987.0,1987.0
529,87.0,18.0,,ITA,p,,0.025,female,-0.99,0.109,0.057,1.0,0.0,-2.763663804178697,-2.957918735812371,2000.0,2000.0
530,87.0,18.0,,ITA,p,,0.045,female,-0.99,0.14400000000000002,0.085,1.0,1.0,-2.763663804178697,-2.957918735812371,2000.0,2000.0
531,99.0,80.0,,ITA,p,,,female,0.027000000000000003,,0.054000000000000006,0.0,0.0,-4.029621537411595,-2.9755036705289237,2003.0,2001.0
532,79.0,70.0,,ITA,p,,,female,0.015,,0.051,0.0,0.0,-4.029621537411595,-2.9755036705289237,2003.0,2001.0
533,69.0,60.0,,ITA,p,,,female,0.013999999999999999,,0.055999999999999994,0.0,0.0,-4.029621537411595,-2.9755036705289237,2003.0,2001.0
534,59.0,50.0,,ITA,p,,,female,0.015,,0.083,0.0,0.0,-4.029621537411595,-2.9755036705289237,2003.0,2001.0
535,49.0,40.0,,ITA,p,,,female,0.013000000000000001,,0.065,0.0,0.0,-4.029621537411595,-2.9755036705289237,2003.0,2001.0
536,39.0,30.0,,ITA,p,,,female,0.01,,0.048,0.0,0.0,-4.029621537411595,-2.9755036705289237,2003.0,2001.0
537,29.0,20.0,,ITA,p,,,female,0.013000000000000001,,0.047,0.0,0.0,-4.029621537411595,-2.9755036705289237,2003.0,2001.0
538,19.0,19.0,,ITA,p,,,female,0.045,,0.048,0.0,0.0,-4.029621537411595,-2.9755036705289237,2003.0,2001.0
539,99.0,85.0,,ITA,p,,,female,0.032,,0.047,0.0,1.0,-4.029621537411595,-2.9755036705289237,2003.0,2001.0
540,84.0,80.0,,ITA,p,,,female,0.043,,0.061,0.0,1.0,-4.029621537411595,-2.9755036705289237,2003.0,2001.0
541,79.0,75.0,,ITA,p,,,female,0.022000000000000002,,0.055999999999999994,0.0,1.0,-4.029621537411595,-2.9755036705289237,2003.0,2001.0
542,74.0,70.0,,ITA,p,,,female,0.03,,0.08,0.0,1.0,-4.029621537411595,-2.9755036705289237,2003.0,2001.0
543,69.0,65.0,,ITA,p,,,female,0.023,,0.07,0.0,1.0,-4.029621537411595,-2.9755036705289237,2003.0,2001.0
544,64.0,60.0,,ITA,p,,,female,0.02,,0.076,0.0,1.0,-4.029621537411595,-2.9755036705289237,2003.0,2001.0
545,59.0,55.0,,ITA,p,,,female,0.026000000000000002,,0.131,0.0,1.0,-4.029621537411595,-2.9755036705289237,2003.0,2001.0
546,54.0,50.0,,ITA,p,,,female,0.018000000000000002,,0.091,0.0,1.0,-4.029621537411595,-2.9755036705289237,2003.0,2001.0
547,49.0,45.0,,ITA,p,,,female,0.023,,0.086,0.0,1.0,-4.029621537411595,-2.9755036705289237,2003.0,2001.0
548,44.0,40.0,,ITA,p,,,female,0.025,,0.12,0.0,1.0,-4.029621537411595,-2.9755036705289237,2003.0,2001.0
549,39.0,35.0,,ITA,p,,,female,0.017,,0.07200000000000001,0.0,1.0,-4.029621537411595,-2.9755036705289237,2003.0,2001.0
550,34.0,30.0,,ITA,p,,,female,0.022000000000000002,,0.10300000000000001,0.0,1.0,-4.029621537411595,-2.9755036705289237,2003.0,2001.0
551,29.0,25.0,,ITA,p,,,female,0.022000000000000002,,0.08,0.0,1.0,-4.029621537411595,-2.9755036705289237,2003.0,2001.0
552,24.0,20.0,,ITA,p,,,female,0.027000000000000003,,0.08900000000000001,0.0,1.0,-4.029621537411595,-2.9755036705289237,2003.0,2001.0
553,19.0,19.0,,ITA,p,,,female,0.062,,0.126,0.0,1.0,-4.029621537411595,-2.9755036705289237,2003.0,2001.0
554,87.0,18.0,,ITA,p,,0.005,male,-0.99,0.068,0.024,1.0,0.0,-2.763663804178697,-2.957918735812371,2000.0,2000.0
555,87.0,18.0,,ITA,p,,0.005,male,-0.99,0.068,0.024,1.0,1.0,-2.763663804178697,-2.957918735812371,2000.0,2000.0
556,99.0,85.0,,ITA,p,,,male,0.057999999999999996,,0.059000000000000004,0.0,1.0,-4.029621537411595,-2.9755036705289237,2003.0,2001.0
557,84.0,80.0,,ITA,p,,,male,0.033,,0.035,0.0,1.0,-4.029621537411595,-2.9755036705289237,2003.0,2001.0
558,79.0,75.0,,ITA,p,78.0,,male,-0.99,,0.0,0.0,1.0,-4.029621537411595,-2.9755036705289237,2003.0,2001.0
559,74.0,70.0,,ITA,p,,,male,0.016,,0.027000000000000003,0.0,1.0,-4.029621537411595,-2.9755036705289237,2003.0,2001.0
560,69.0,65.0,,ITA,p,,,male,0.009000000000000001,,0.015,0.0,1.0,-4.029621537411595,-2.9755036705289237,2003.0,2001.0
561,64.0,60.0,,ITA,p,,,male,0.017,,0.04,0.0,1.0,-4.029621537411595,-2.9755036705289237,2003.0,2001.0
562,59.0,55.0,,ITA,p,,,male,0.009000000000000001,,0.033,0.0,1.0,-4.029621537411595,-2.9755036705289237,2003.0,2001.0
563,54.0,50.0,,ITA,p,,,male,0.011000000000000001,,0.023,0.0,1.0,-4.029621537411595,-2.9755036705289237,2003.0,2001.0
564,49.0,45.0,,ITA,p,,,male,0.013999999999999999,,0.038,0.0,1.0,-4.029621537411595,-2.9755036705289237,2003.0,2001.0
565,44.0,40.0,,ITA,p,,,male,0.012,,0.024,0.0,1.0,-4.029621537411595,-2.9755036705289237,2003.0,2001.0
566,39.0,35.0,,ITA,p,,,male,0.01,,0.026000000000000002,0.0,1.0,-4.029621537411595,-2.9755036705289237,2003.0,2001.0
567,34.0,30.0,,ITA,p,,,male,0.011000000000000001,,0.023,0.0,1.0,-4.029621537411595,-2.9755036705289237,2003.0,2001.0
568,29.0,25.0,,ITA,p,,,male,0.013999999999999999,,0.043,0.0,1.0,-4.029621537411595,-2.9755036705289237,2003.0,2001.0
569,24.0,20.0,,ITA,p,,,male,0.005,,0.005,0.0,1.0,-4.029621537411595,-2.9755036705289237,2003.0,2001.0
570,19.0,19.0,,ITA,p,,,male,0.034,,0.035,0.0,1.0,-4.029621537411595,-2.9755036705289237,2003.0,2001.0
571,99.0,80.0,,ITA,p,,,male,0.028999999999999998,,0.043,0.0,0.0,-4.029621537411595,-2.9755036705289237,2003.0,2001.0
572,79.0,70.0,,ITA,p,,,male,0.01,,0.017,0.0,0.0,-4.029621537411595,-2.9755036705289237,2003.0,2001.0
573,69.0,60.0,,ITA,p,,,male,0.005,,0.008,0.0,0.0,-4.029621537411595,-2.9755036705289237,2003.0,2001.0
574,59.0,50.0,,ITA,p,,,male,0.006,,0.023,0.0,0.0,-4.029621537411595,-2.9755036705289237,2003.0,2001.0
575,49.0,40.0,,ITA,p,,,male,0.006999999999999999,,0.015,0.0,0.0,-4.029621537411595,-2.9755036705289237,2003.0,2001.0
576,39.0,30.0,,ITA,p,,,male,0.005,,0.013000000000000001,0.0,0.0,-4.029621537411595,-2.9755036705289237,2003.0,2001.0
577,29.0,20.0,,ITA,p,,,male,0.005,,0.009000000000000001,0.0,0.0,-4.029621537411595,-2.9755036705289237,2003.0,2001.0
578,19.0,19.0,,ITA,p,,,male,0.034,,0.035,0.0,0.0,-4.029621537411595,-2.9755036705289237,2003.0,2001.0
579,99.0,65.0,,ITA,p,,,female,0.047,,0.057999999999999996,0.0,0.0,-2.6857800058512935,-2.673258457697934,1989.0,1989.0
580,64.0,45.0,,ITA,p,,,female,0.0843,,0.24100000000000002,0.0,0.0,-2.6857800058512935,-2.673258457697934,1989.0,1989.0
581,44.0,25.0,,ITA,p,,,female,0.037000000000000005,,0.045,0.0,0.0,-2.6857800058512935,-2.673258457697934,1989.0,1989.0
582,24.0,24.0,,ITA,p,,,female,0.051,,0.036000000000000004,0.0,0.0,-2.6857800058512935,-2.673258457697934,1989.0,1989.0
583,99.0,65.0,,ITA,p,37.0,,male,-0.99,,0.0,0.0,0.0,-2.6857800058512935,-2.673258457697934,1989.0,1989.0
584,64.0,45.0,,ITA,p,,,male,0.054400000000000004,,0.08800000000000001,0.0,0.0,-2.6857800058512935,-2.673258457697934,1989.0,1989.0
585,44.0,25.0,,ITA,p,,,male,0.026000000000000002,,0.018000000000000002,0.0,0.0,-2.6857800058512935,-2.673258457697934,1989.0,1989.0
586,24.0,24.0,,ITA,p,25.0,,male,-0.99,,0.0,0.0,0.0,-2.6857800058512935,-2.673258457697934,1989.0,1989.0
587,99.0,80.0,,JPN,p,,,female,0.013000000000000001,,0.024,1.0,0.0,-2.4413865603324094,-2.6109646559426025,2004.0,2002.0
588,79.0,70.0,,JPN,p,,,female,0.008,,0.022000000000000002,1.0,0.0,-2.4413865603324094,-2.6109646559426025,2004.0,2002.0
589,69.0,60.0,,JPN,p,,,female,0.008,,0.021,1.0,0.0,-2.4413865603324094,-2.6109646559426025,2004.0,2002.0
590,59.0,50.0,,JPN,p,,,female,0.009000000000000001,,0.046,1.0,0.0,-2.4413865603324094,-2.6109646559426025,2004.0,2002.0
591,49.0,40.0,,JPN,p,,,female,0.009000000000000001,,0.033,1.0,0.0,-2.4413865603324094,-2.6109646559426025,2004.0,2002.0
592,39.0,30.0,,JPN,p,,,female,0.009000000000000001,,0.023,1.0,0.0,-2.4413865603324094,-2.6109646559426025,2004.0,2002.0
593,29.0,25.0,,JPN,p,,,female,0.016,,0.022000000000000002,1.0,0.0,-2.4413865603324094,-2.6109646559426025,2004.0,2002.0
594,24.0,24.0,,JPN,p,,,female,0.055,,0.057999999999999996,1.0,0.0,-2.4413865603324094,-2.6109646559426025,2004.0,2002.0
595,23.0,23.0,,JPN,p,,,female,0.025,,0.025,1.0,0.0,-2.4413865603324094,-2.6109646559426025,2004.0,2002.0
596,99.0,85.0,,JPN,p,,,female,0.026000000000000002,,0.039,1.0,1.0,-2.4413865603324094,-2.6109646559426025,2004.0,2002.0
597,84.0,80.0,,JPN,p,,,female,0.013000000000000001,,0.013000000000000001,1.0,1.0,-2.4413865603324094,-2.6109646559426025,2004.0,2002.0
598,79.0,75.0,,JPN,p,,,female,0.013000000000000001,,0.025,1.0,1.0,-2.4413865603324094,-2.6109646559426025,2004.0,2002.0
599,74.0,70.0,,JPN,p,,,female,0.015,,0.036000000000000004,1.0,1.0,-2.4413865603324094,-2.6109646559426025,2004.0,2002.0
600,69.0,65.0,,JPN,p,,,female,0.021,,0.051,1.0,1.0,-2.4413865603324094,-2.6109646559426025,2004.0,2002.0
601,64.0,60.0,,JPN,p,,,female,0.013000000000000001,,0.03,1.0,1.0,-2.4413865603324094,-2.6109646559426025,2004.0,2002.0
602,59.0,55.0,,JPN,p,,,female,0.013000000000000001,,0.061,1.0,1.0,-2.4413865603324094,-2.6109646559426025,2004.0,2002.0
603,54.0,50.0,,JPN,p,,,female,0.019,,0.091,1.0,1.0,-2.4413865603324094,-2.6109646559426025,2004.0,2002.0
604,49.0,45.0,,JPN,p,,,female,0.024,,0.067,1.0,1.0,-2.4413865603324094,-2.6109646559426025,2004.0,2002.0
605,44.0,40.0,,JPN,p,,,female,0.019,,0.052000000000000005,1.0,1.0,-2.4413865603324094,-2.6109646559426025,2004.0,2002.0
606,39.0,35.0,,JPN,p,,,female,0.018000000000000002,,0.045,1.0,1.0,-2.4413865603324094,-2.6109646559426025,2004.0,2002.0
607,34.0,30.0,,JPN,p,,,female,0.017,,0.043,1.0,1.0,-2.4413865603324094,-2.6109646559426025,2004.0,2002.0
608,29.0,25.0,,JPN,p,,,female,0.03,,0.077,1.0,1.0,-2.4413865603324094,-2.6109646559426025,2004.0,2002.0
609,24.0,24.0,,JPN,p,,,female,0.055,,0.057999999999999996,1.0,1.0,-2.4413865603324094,-2.6109646559426025,2004.0,2002.0
610,23.0,23.0,,JPN,p,,,female,0.025,,0.025,1.0,1.0,-2.4413865603324094,-2.6109646559426025,2004.0,2002.0
611,99.0,85.0,,JPN,p,29.0,,male,-0.99,,0.0,1.0,1.0,-2.4413865603324094,-2.6109646559426025,2004.0,2002.0
612,84.0,80.0,,JPN,p,40.0,,male,-0.99,,0.0,1.0,1.0,-2.4413865603324094,-2.6109646559426025,2004.0,2002.0
613,79.0,75.0,,JPN,p,106.0,,male,-0.99,,0.0,1.0,1.0,-2.4413865603324094,-2.6109646559426025,2004.0,2002.0
614,74.0,70.0,,JPN,p,,,male,0.011000000000000001,,0.018000000000000002,1.0,1.0,-2.4413865603324094,-2.6109646559426025,2004.0,2002.0
615,69.0,65.0,,JPN,p,,,male,0.008,,0.008,1.0,1.0,-2.4413865603324094,-2.6109646559426025,2004.0,2002.0
616,64.0,60.0,,JPN,p,,,male,0.008,,0.011000000000000001,1.0,1.0,-2.4413865603324094,-2.6109646559426025,2004.0,2002.0
617,59.0,55.0,,JPN,p,,,male,0.018000000000000002,,0.045,1.0,1.0,-2.4413865603324094,-2.6109646559426025,2004.0,2002.0
618,54.0,50.0,,JPN,p,,,male,0.013000000000000001,,0.035,1.0,1.0,-2.4413865603324094,-2.6109646559426025,2004.0,2002.0
619,49.0,45.0,,JPN,p,,,male,0.016,,0.031,1.0,1.0,-2.4413865603324094,-2.6109646559426025,2004.0,2002.0
620,44.0,40.0,,JPN,p,,,male,0.016,,0.037000000000000005,1.0,1.0,-2.4413865603324094,-2.6109646559426025,2004.0,2002.0
621,39.0,35.0,,JPN,p,,,male,0.026000000000000002,,0.068,1.0,1.0,-2.4413865603324094,-2.6109646559426025,2004.0,2002.0
622,34.0,30.0,,JPN,p,,,male,0.02,,0.02,1.0,1.0,-2.4413865603324094,-2.6109646559426025,2004.0,2002.0
623,29.0,25.0,,JPN,p,,,male,0.024,,0.032,1.0,1.0,-2.4413865603324094,-2.6109646559426025,2004.0,2002.0
624,24.0,24.0,,JPN,p,,,male,0.055999999999999994,,0.057,1.0,1.0,-2.4413865603324094,-2.6109646559426025,2004.0,2002.0
625,23.0,23.0,,JPN,p,19.0,,male,-0.99,,0.0,1.0,1.0,-2.4413865603324094,-2.6109646559426025,2004.0,2002.0
626,99.0,80.0,,JPN,p,69.0,,male,-0.99,,0.0,1.0,0.0,-2.4413865603324094,-2.6109646559426025,2004.0,2002.0
627,79.0,70.0,,JPN,p,,,male,0.006,,0.011000000000000001,1.0,0.0,-2.4413865603324094,-2.6109646559426025,2004.0,2002.0
628,69.0,60.0,,JPN,p,,,male,0.003,,0.003,1.0,0.0,-2.4413865603324094,-2.6109646559426025,2004.0,2002.0
629,59.0,50.0,,JPN,p,,,male,0.009000000000000001,,0.025,1.0,0.0,-2.4413865603324094,-2.6109646559426025,2004.0,2002.0
630,49.0,40.0,,JPN,p,,,male,0.008,,0.021,1.0,0.0,-2.4413865603324094,-2.6109646559426025,2004.0,2002.0
631,39.0,30.0,,JPN,p,,,male,0.015,,0.031,1.0,0.0,-2.4413865603324094,-2.6109646559426025,2004.0,2002.0
632,29.0,25.0,,JPN,p,,,male,0.022000000000000002,,0.022000000000000002,1.0,0.0,-2.4413865603324094,-2.6109646559426025,2004.0,2002.0
633,24.0,24.0,,JPN,p,,,male,0.055999999999999994,,0.057,1.0,0.0,-2.4413865603324094,-2.6109646559426025,2004.0,2002.0
634,23.0,23.0,,JPN,p,19.0,,male,-0.99,,0.0,1.0,0.0,-2.4413865603324094,-2.6109646559426025,2004.0,2002.0
635,22.0,14.0,,KEN,p,,,female,0.0139,,0.05,1.0,0.0,-1.866270071350555,-2.0149183168567775,2000.0,2000.0
636,22.0,14.0,,KEN,p,,,male,0.0147,,0.04,1.0,0.0,-1.866270071350555,-2.0149183168567775,2000.0,2000.0
637,64.0,18.0,,KOR,p,,,female,0.009000000000000001,,0.094,1.0,1.0,-2.359586553244198,-2.3217920172216515,2001.0,2001.0
638,64.0,18.0,,KOR,p,,,male,0.003,,0.028999999999999998,1.0,1.0,-2.359586553244198,-2.3217920172216515,2001.0,2001.0
639,99.0,16.0,,SRB,p,534.0,,female,-0.99,,0.273,1.0,0.0,-1.9212070882240642,-1.5730520402885788,2001.0,2001.0
640,99.0,16.0,,SRB,p,462.0,,male,-0.99,,0.19,1.0,0.0,-1.9212070882240642,-1.5730520402885788,2001.0,2001.0
641,79.0,70.0,,LBN,p,,,female,0.046,,0.10099999999999999,1.0,0.0,-1.66143190709044,-1.848807042029579,2003.0,2002.0
642,69.0,60.0,,LBN,p,,,female,0.024,,0.08900000000000001,1.0,0.0,-1.66143190709044,-1.848807042029579,2003.0,2002.0
643,59.0,50.0,,LBN,p,,,female,0.016,,0.052000000000000005,1.0,0.0,-1.66143190709044,-1.848807042029579,2003.0,2002.0
644,49.0,40.0,,LBN,p,,,female,0.013000000000000001,,0.073,1.0,0.0,-1.66143190709044,-1.848807042029579,2003.0,2002.0
645,39.0,30.0,,LBN,p,,,female,0.015,,0.095,1.0,0.0,-1.66143190709044,-1.848807042029579,2003.0,2002.0
646,29.0,20.0,,LBN,p,,,female,0.023,,0.095,1.0,0.0,-1.66143190709044,-1.848807042029579,2003.0,2002.0
647,19.0,19.0,,LBN,p,,,female,0.099,,0.214,1.0,0.0,-1.66143190709044,-1.848807042029579,2003.0,2002.0
648,18.0,18.0,,LBN,p,,,female,0.071,,0.10800000000000001,1.0,0.0,-1.66143190709044,-1.848807042029579,2003.0,2002.0
649,79.0,75.0,,LBN,p,,,female,0.064,,0.142,1.0,1.0,-1.66143190709044,-1.848807042029579,2003.0,2002.0
650,74.0,70.0,,LBN,p,,,female,0.040999999999999995,,0.08199999999999999,1.0,1.0,-1.66143190709044,-1.848807042029579,2003.0,2002.0
651,69.0,65.0,,LBN,p,,,female,0.05,,0.129,1.0,1.0,-1.66143190709044,-1.848807042029579,2003.0,2002.0
652,64.0,60.0,,LBN,p,,,female,0.026000000000000002,,0.087,1.0,1.0,-1.66143190709044,-1.848807042029579,2003.0,2002.0
653,59.0,55.0,,LBN,p,,,female,0.027000000000000003,,0.044000000000000004,1.0,1.0,-1.66143190709044,-1.848807042029579,2003.0,2002.0
654,54.0,50.0,,LBN,p,,,female,0.03,,0.1,1.0,1.0,-1.66143190709044,-1.848807042029579,2003.0,2002.0
655,49.0,45.0,,LBN,p,,,female,0.033,,0.10400000000000001,1.0,1.0,-1.66143190709044,-1.848807042029579,2003.0,2002.0
656,44.0,40.0,,LBN,p,,,female,0.021,,0.126,1.0,1.0,-1.66143190709044,-1.848807042029579,2003.0,2002.0
657,39.0,35.0,,LBN,p,,,female,0.02,,0.138,1.0,1.0,-1.66143190709044,-1.848807042029579,2003.0,2002.0
658,34.0,30.0,,LBN,p,,,female,0.024,,0.1,1.0,1.0,-1.66143190709044,-1.848807042029579,2003.0,2002.0
659,29.0,25.0,,LBN,p,,,female,0.034,,0.18,1.0,1.0,-1.66143190709044,-1.848807042029579,2003.0,2002.0
660,24.0,20.0,,LBN,p,,,female,0.031,,0.14,1.0,1.0,-1.66143190709044,-1.848807042029579,2003.0,2002.0
661,19.0,19.0,,LBN,p,,,female,0.099,,0.214,1.0,1.0,-1.66143190709044,-1.848807042029579,2003.0,2002.0
662,18.0,18.0,,LBN,p,,,female,0.071,,0.10800000000000001,1.0,1.0,-1.66143190709044,-1.848807042029579,2003.0,2002.0
663,79.0,75.0,,LBN,p,41.0,,male,-0.99,,0.0,1.0,1.0,-1.66143190709044,-1.848807042029579,2003.0,2002.0
664,74.0,70.0,,LBN,p,,,male,0.024,,0.025,1.0,1.0,-1.66143190709044,-1.848807042029579,2003.0,2002.0
665,69.0,65.0,,LBN,p,,,male,0.052000000000000005,,0.09699999999999999,1.0,1.0,-1.66143190709044,-1.848807042029579,2003.0,2002.0
666,64.0,60.0,,LBN,p,,,male,0.005,,0.006,1.0,1.0,-1.66143190709044,-1.848807042029579,2003.0,2002.0
667,59.0,55.0,,LBN,p,,,male,0.038,,0.059000000000000004,1.0,1.0,-1.66143190709044,-1.848807042029579,2003.0,2002.0
668,54.0,50.0,,LBN,p,,,male,0.022000000000000002,,0.055999999999999994,1.0,1.0,-1.66143190709044,-1.848807042029579,2003.0,2002.0
669,49.0,45.0,,LBN,p,,,male,0.017,,0.031,1.0,1.0,-1.66143190709044,-1.848807042029579,2003.0,2002.0
670,44.0,40.0,,LBN,p,,,male,0.02,,0.057999999999999996,1.0,1.0,-1.66143190709044,-1.848807042029579,2003.0,2002.0
671,39.0,35.0,,LBN,p,,,male,0.016,,0.032,1.0,1.0,-1.66143190709044,-1.848807042029579,2003.0,2002.0
672,34.0,30.0,,LBN,p,,,male,0.021,,0.046,1.0,1.0,-1.66143190709044,-1.848807042029579,2003.0,2002.0
673,29.0,25.0,,LBN,p,,,male,0.021,,0.057999999999999996,1.0,1.0,-1.66143190709044,-1.848807042029579,2003.0,2002.0
674,24.0,20.0,,LBN,p,,,male,0.02,,0.061,1.0,1.0,-1.66143190709044,-1.848807042029579,2003.0,2002.0
675,19.0,19.0,,LBN,p,,,male,0.06,,0.068,1.0,1.0,-1.66143190709044,-1.848807042029579,2003.0,2002.0
676,18.0,18.0,,LBN,p,,,male,0.078,,0.16399999999999998,1.0,1.0,-1.66143190709044,-1.848807042029579,2003.0,2002.0
677,79.0,70.0,,LBN,p,111.0,,male,-0.99,,0.0,1.0,0.0,-1.66143190709044,-1.848807042029579,2003.0,2002.0
678,69.0,60.0,,LBN,p,,,male,0.02,,0.035,1.0,0.0,-1.66143190709044,-1.848807042029579,2003.0,2002.0
679,59.0,50.0,,LBN,p,,,male,0.017,,0.057,1.0,0.0,-1.66143190709044,-1.848807042029579,2003.0,2002.0
680,49.0,40.0,,LBN,p,,,male,0.01,,0.025,1.0,0.0,-1.66143190709044,-1.848807042029579,2003.0,2002.0
681,39.0,30.0,,LBN,p,,,male,0.011000000000000001,,0.025,1.0,0.0,-1.66143190709044,-1.848807042029579,2003.0,2002.0
682,29.0,20.0,,LBN,p,,,male,0.013000000000000001,,0.034,1.0,0.0,-1.66143190709044,-1.848807042029579,2003.0,2002.0
683,19.0,19.0,,LBN,p,25.0,,male,-0.99,,0.0,1.0,0.0,-1.66143190709044,-1.848807042029579,2003.0,2002.0
684,18.0,18.0,,LBN,p,,,male,0.071,,0.136,1.0,0.0,-1.66143190709044,-1.848807042029579,2003.0,2002.0
685,99.0,16.0,,MYS,p,,,total,0.0055000000000000005,,0.055,1.0,0.0,-2.4874059452084163,-2.4624880845151167,2006.0,2005.0
686,99.0,65.0,,MEX,p,,,female,0.037000000000000005,,0.05,0.0,0.0,-4.029621537411595,-2.438250735816171,2002.0,2001.0
687,64.0,60.0,,MEX,p,,,female,0.016,,0.04,0.0,0.0,-4.029621537411595,-2.438250735816171,2002.0,2001.0
688,59.0,55.0,,MEX,p,,,female,0.013000000000000001,,0.034,0.0,0.0,-4.029621537411595,-2.438250735816171,2002.0,2001.0
689,54.0,50.0,,MEX,p,,,female,0.022000000000000002,,0.073,0.0,0.0,-4.029621537411595,-2.438250735816171,2002.0,2001.0
690,49.0,45.0,,MEX,p,,,female,0.015,,0.055999999999999994,0.0,0.0,-4.029621537411595,-2.438250735816171,2002.0,2001.0
691,44.0,40.0,,MEX,p,,,female,0.013000000000000001,,0.06,0.0,0.0,-4.029621537411595,-2.438250735816171,2002.0,2001.0
692,39.0,35.0,,MEX,p,,,female,0.017,,0.078,0.0,0.0,-4.029621537411595,-2.438250735816171,2002.0,2001.0
693,34.0,30.0,,MEX,p,,,female,0.01,,0.048,0.0,0.0,-4.029621537411595,-2.438250735816171,2002.0,2001.0
694,29.0,25.0,,MEX,p,,,female,0.016,,0.066,0.0,0.0,-4.029621537411595,-2.438250735816171,2002.0,2001.0
695,24.0,20.0,,MEX,p,,,female,0.01,,0.052000000000000005,0.0,0.0,-4.029621537411595,-2.438250735816171,2002.0,2001.0
696,19.0,19.0,,MEX,p,,,female,0.043,,0.096,0.0,0.0,-4.029621537411595,-2.438250735816171,2002.0,2001.0
697,18.0,18.0,,MEX,p,,,female,0.012,,0.025,0.0,0.0,-4.029621537411595,-2.438250735816171,2002.0,2001.0
698,65.0,65.0,,MEX,p,,,female,0.037000000000000005,,0.05,0.0,1.0,-4.029621537411595,-2.438250735816171,2002.0,2001.0
699,64.0,60.0,,MEX,p,,,female,0.025,,0.077,0.0,1.0,-4.029621537411595,-2.438250735816171,2002.0,2001.0
700,59.0,55.0,,MEX,p,,,female,0.036000000000000004,,0.1,0.0,1.0,-4.029621537411595,-2.438250735816171,2002.0,2001.0
701,54.0,50.0,,MEX,p,,,female,0.024,,0.096,0.0,1.0,-4.029621537411595,-2.438250735816171,2002.0,2001.0
702,49.0,45.0,,MEX,p,,,female,0.021,,0.09300000000000001,0.0,1.0,-4.029621537411595,-2.438250735816171,2002.0,2001.0
703,44.0,40.0,,MEX,p,,,female,0.015,,0.086,0.0,1.0,-4.029621537411595,-2.438250735816171,2002.0,2001.0
704,39.0,35.0,,MEX,p,,,female,0.019,,0.11800000000000001,0.0,1.0,-4.029621537411595,-2.438250735816171,2002.0,2001.0
705,34.0,30.0,,MEX,p,,,female,0.011000000000000001,,0.08,0.0,1.0,-4.029621537411595,-2.438250735816171,2002.0,2001.0
706,29.0,25.0,,MEX,p,,,female,0.016,,0.087,0.0,1.0,-4.029621537411595,-2.438250735816171,2002.0,2001.0
707,24.0,20.0,,MEX,p,,,female,0.019,,0.129,0.0,1.0,-4.029621537411595,-2.438250735816171,2002.0,2001.0
708,19.0,19.0,,MEX,p,,,female,0.052000000000000005,,0.153,0.0,1.0,-4.029621537411595,-2.438250735816171,2002.0,2001.0
709,18.0,18.0,,MEX,p,,,female,0.018000000000000002,,0.071,0.0,1.0,-4.029621537411595,-2.438250735816171,2002.0,2001.0
710,65.0,65.0,,MEX,p,,,male,0.039,,0.04,0.0,1.0,-4.029621537411595,-2.438250735816171,2002.0,2001.0
711,64.0,60.0,,MEX,p,,,male,0.015,,0.028999999999999998,0.0,1.0,-4.029621537411595,-2.438250735816171,2002.0,2001.0
712,59.0,55.0,,MEX,p,,,male,0.034,,0.061,0.0,1.0,-4.029621537411595,-2.438250735816171,2002.0,2001.0
713,54.0,50.0,,MEX,p,,,male,0.015,,0.032,0.0,1.0,-4.029621537411595,-2.438250735816171,2002.0,2001.0
714,49.0,45.0,,MEX,p,,,male,0.012,,0.024,0.0,1.0,-4.029621537411595,-2.438250735816171,2002.0,2001.0
715,44.0,40.0,,MEX,p,,,male,0.01,,0.027000000000000003,0.0,1.0,-4.029621537411595,-2.438250735816171,2002.0,2001.0
716,39.0,35.0,,MEX,p,,,male,0.008,,0.038,0.0,1.0,-4.029621537411595,-2.438250735816171,2002.0,2001.0
717,34.0,30.0,,MEX,p,,,male,0.013999999999999999,,0.046,0.0,1.0,-4.029621537411595,-2.438250735816171,2002.0,2001.0
718,29.0,25.0,,MEX,p,,,male,0.013000000000000001,,0.049,0.0,1.0,-4.029621537411595,-2.438250735816171,2002.0,2001.0
719,24.0,20.0,,MEX,p,,,male,0.016,,0.055999999999999994,0.0,1.0,-4.029621537411595,-2.438250735816171,2002.0,2001.0
720,19.0,19.0,,MEX,p,,,male,0.043,,0.084,0.0,1.0,-4.029621537411595,-2.438250735816171,2002.0,2001.0
721,18.0,18.0,,MEX,p,,,male,0.048,,0.1,0.0,1.0,-4.029621537411595,-2.438250735816171,2002.0,2001.0
722,99.0,65.0,,MEX,p,,,male,0.039,,0.04,0.0,0.0,-4.029621537411595,-2.438250735816171,2002.0,2001.0
723,64.0,60.0,,MEX,p,,,male,0.013000000000000001,,0.022000000000000002,0.0,0.0,-4.029621537411595,-2.438250735816171,2002.0,2001.0
724,59.0,55.0,,MEX,p,,,male,0.017,,0.021,0.0,0.0,-4.029621537411595,-2.438250735816171,2002.0,2001.0
725,54.0,50.0,,MEX,p,,,male,0.015,,0.031,0.0,0.0,-4.029621537411595,-2.438250735816171,2002.0,2001.0
726,49.0,45.0,,MEX,p,,,male,0.006999999999999999,,0.011000000000000001,0.0,0.0,-4.029621537411595,-2.438250735816171,2002.0,2001.0
727,44.0,40.0,,MEX,p,,,male,0.006,,0.012,0.0,0.0,-4.029621537411595,-2.438250735816171,2002.0,2001.0
728,39.0,35.0,,MEX,p,,,male,0.009000000000000001,,0.023,0.0,0.0,-4.029621537411595,-2.438250735816171,2002.0,2001.0
729,34.0,30.0,,MEX,p,,,male,0.004,,0.005,0.0,0.0,-4.029621537411595,-2.438250735816171,2002.0,2001.0
730,29.0,25.0,,MEX,p,,,male,0.006999999999999999,,0.016,0.0,0.0,-4.029621537411595,-2.438250735816171,2002.0,2001.0
731,24.0,20.0,,MEX,p,,,male,0.01,,0.027999999999999997,0.0,0.0,-4.029621537411595,-2.438250735816171,2002.0,2001.0
732,19.0,19.0,,MEX,p,,,male,0.013999999999999999,,0.025,0.0,0.0,-4.029621537411595,-2.438250735816171,2002.0,2001.0
733,18.0,18.0,,MEX,p,,,male,0.013999999999999999,,0.019,0.0,0.0,-4.029621537411595,-2.438250735816171,2002.0,2001.0
734,54.0,18.0,,MEX,p,,,total,0.004,,0.023,1.0,0.0,-4.029621537411595,-2.5132189622162637,1995.0,1995.0
735,54.0,18.0,,MEX,p,,,total,0.006,,0.04,1.0,1.0,-4.029621537411595,-2.5132189622162637,1995.0,1995.0
736,80.0,15.0,,MAR,p,,,total,0.0223,,0.255,1.0,0.0,-4.029621537411595,-2.5621581673236453,2004.0,2004.0
737,64.0,18.0,,NLD,p,,,female,0.006,,0.129,1.0,0.0,-2.5099595330116253,-2.67443631653272,1999.0,1996.0
738,64.0,18.0,,NLD,p,,,female,0.006,,0.166,1.0,1.0,-2.5099595330116253,-2.67443631653272,1999.0,1996.0
739,99.0,80.0,,NLD,p,,,female,0.035,,0.064,0.0,0.0,-2.3674504262578693,-2.5834259845940406,2003.0,2001.0
740,79.0,75.0,,NLD,p,,,female,0.051,,0.067,0.0,0.0,-2.3674504262578693,-2.5834259845940406,2003.0,2001.0
741,74.0,70.0,,NLD,p,,,female,0.032,,0.075,0.0,0.0,-2.3674504262578693,-2.5834259845940406,2003.0,2001.0
742,69.0,65.0,,NLD,p,,,female,0.040999999999999995,,0.057999999999999996,0.0,0.0,-2.3674504262578693,-2.5834259845940406,2003.0,2001.0
743,64.0,60.0,,NLD,p,,,female,0.040999999999999995,,0.062,0.0,0.0,-2.3674504262578693,-2.5834259845940406,2003.0,2001.0
744,59.0,55.0,,NLD,p,,,female,0.023,,0.057,0.0,0.0,-2.3674504262578693,-2.5834259845940406,2003.0,2001.0
745,54.0,50.0,,NLD,p,,,female,0.03,,0.078,0.0,0.0,-2.3674504262578693,-2.5834259845940406,2003.0,2001.0
746,49.0,45.0,,NLD,p,,,female,0.038,,0.122,0.0,0.0,-2.3674504262578693,-2.5834259845940406,2003.0,2001.0
747,44.0,40.0,,NLD,p,,,female,0.045,,0.114,0.0,0.0,-2.3674504262578693,-2.5834259845940406,2003.0,2001.0
748,39.0,34.0,,NLD,p,,,female,0.023,,0.083,0.0,0.0,-2.3674504262578693,-2.5834259845940406,2003.0,2001.0
749,34.0,30.0,,NLD,p,,,female,0.033,,0.10400000000000001,0.0,0.0,-2.3674504262578693,-2.5834259845940406,2003.0,2001.0
750,29.0,25.0,,NLD,p,,,female,0.025,,0.063,0.0,0.0,-2.3674504262578693,-2.5834259845940406,2003.0,2001.0
751,24.0,20.0,,NLD,p,,,female,0.051,,0.126,0.0,0.0,-2.3674504262578693,-2.5834259845940406,2003.0,2001.0
752,84.0,80.0,,NLD,p,,,female,0.037000000000000005,,0.061,0.0,1.0,-2.3674504262578693,-2.5834259845940406,2003.0,2001.0
753,79.0,75.0,,NLD,p,,,female,0.053,,0.08,0.0,1.0,-2.3674504262578693,-2.5834259845940406,2003.0,2001.0
754,74.0,70.0,,NLD,p,,,female,0.037000000000000005,,0.096,0.0,1.0,-2.3674504262578693,-2.5834259845940406,2003.0,2001.0
755,69.0,65.0,,NLD,p,,,female,0.044000000000000004,,0.09699999999999999,0.0,1.0,-2.3674504262578693,-2.5834259845940406,2003.0,2001.0
756,64.0,60.0,,NLD,p,,,female,0.045,,0.095,0.0,1.0,-2.3674504262578693,-2.5834259845940406,2003.0,2001.0
757,59.0,55.0,,NLD,p,,,female,0.025,,0.068,0.0,1.0,-2.3674504262578693,-2.5834259845940406,2003.0,2001.0
758,54.0,50.0,,NLD,p,,,female,0.04,,0.146,0.0,1.0,-2.3674504262578693,-2.5834259845940406,2003.0,2001.0
759,49.0,45.0,,NLD,p,,,female,0.038,,0.157,0.0,1.0,-2.3674504262578693,-2.5834259845940406,2003.0,2001.0
760,44.0,40.0,,NLD,p,,,female,0.045,,0.125,0.0,1.0,-2.3674504262578693,-2.5834259845940406,2003.0,2001.0
761,39.0,35.0,,NLD,p,,,female,0.03,,0.129,0.0,1.0,-2.3674504262578693,-2.5834259845940406,2003.0,2001.0
762,34.0,30.0,,NLD,p,,,female,0.035,,0.131,0.0,1.0,-2.3674504262578693,-2.5834259845940406,2003.0,2001.0
763,29.0,25.0,,NLD,p,,,female,0.036000000000000004,,0.115,0.0,1.0,-2.3674504262578693,-2.5834259845940406,2003.0,2001.0
764,24.0,20.0,,NLD,p,,,female,0.063,,0.17600000000000002,0.0,1.0,-2.3674504262578693,-2.5834259845940406,2003.0,2001.0
765,85.0,75.0,,NLD,p,,,female,0.0209,,0.13699999999999998,1.0,1.0,,-2.708030177665755,1993.0,1992.0
766,74.0,65.0,,NLD,p,,,female,0.024,,0.166,1.0,1.0,,-2.708030177665755,1993.0,1992.0
767,64.0,55.0,,NLD,p,,,female,0.0187,,0.091,1.0,1.0,,-2.708030177665755,1993.0,1992.0
768,64.0,18.0,,NLD,p,,,male,0.004,,0.065,1.0,0.0,-2.5099595330116253,-2.67443631653272,1999.0,1996.0
769,64.0,18.0,,NLD,p,,,male,0.005,,0.083,1.0,1.0,-2.5099595330116253,-2.67443631653272,1999.0,1996.0
770,84.0,80.0,,NLD,p,,,male,0.07200000000000001,,0.073,0.0,1.0,-2.3674504262578693,-2.5834259845940406,2003.0,2001.0
771,79.0,75.0,,NLD,p,,,male,0.04,,0.052000000000000005,0.0,1.0,-2.3674504262578693,-2.5834259845940406,2003.0,2001.0
772,74.0,70.0,,NLD,p,,,male,0.02,,0.02,0.0,1.0,-2.3674504262578693,-2.5834259845940406,2003.0,2001.0
773,69.0,65.0,,NLD,p,,,male,0.016,,0.033,0.0,1.0,-2.3674504262578693,-2.5834259845940406,2003.0,2001.0
774,64.0,60.0,,NLD,p,,,male,0.019,,0.036000000000000004,0.0,1.0,-2.3674504262578693,-2.5834259845940406,2003.0,2001.0
775,59.0,55.0,,NLD,p,,,male,0.025,,0.062,0.0,1.0,-2.3674504262578693,-2.5834259845940406,2003.0,2001.0
776,54.0,50.0,,NLD,p,,,male,0.046,,0.107,0.0,1.0,-2.3674504262578693,-2.5834259845940406,2003.0,2001.0
777,49.0,45.0,,NLD,p,,,male,0.012,,0.028999999999999998,0.0,1.0,-2.3674504262578693,-2.5834259845940406,2003.0,2001.0
778,44.0,40.0,,NLD,p,,,male,0.013999999999999999,,0.026000000000000002,0.0,1.0,-2.3674504262578693,-2.5834259845940406,2003.0,2001.0
779,39.0,35.0,,NLD,p,,,male,0.031,,0.068,0.0,1.0,-2.3674504262578693,-2.5834259845940406,2003.0,2001.0
780,34.0,30.0,,NLD,p,,,male,0.022000000000000002,,0.059000000000000004,0.0,1.0,-2.3674504262578693,-2.5834259845940406,2003.0,2001.0
781,29.0,25.0,,NLD,p,,,male,0.018000000000000002,,0.026000000000000002,0.0,1.0,-2.3674504262578693,-2.5834259845940406,2003.0,2001.0
782,24.0,20.0,,NLD,p,38.0,,male,-0.99,,0.0,0.0,1.0,-2.3674504262578693,-2.5834259845940406,2003.0,2001.0
783,99.0,80.0,,NLD,p,,,male,0.059000000000000004,,0.055999999999999994,0.0,0.0,-2.3674504262578693,-2.5834259845940406,2003.0,2001.0
784,79.0,75.0,,NLD,p,,,male,0.018000000000000002,,0.017,0.0,0.0,-2.3674504262578693,-2.5834259845940406,2003.0,2001.0
785,74.0,70.0,,NLD,p,51.0,,male,-0.99,,0.0,0.0,0.0,-2.3674504262578693,-2.5834259845940406,2003.0,2001.0
786,69.0,65.0,,NLD,p,,,male,0.015,,0.022000000000000002,0.0,0.0,-2.3674504262578693,-2.5834259845940406,2003.0,2001.0
787,64.0,60.0,,NLD,p,,,male,0.018000000000000002,,0.031,0.0,0.0,-2.3674504262578693,-2.5834259845940406,2003.0,2001.0
788,59.0,55.0,,NLD,p,,,male,0.022000000000000002,,0.043,0.0,0.0,-2.3674504262578693,-2.5834259845940406,2003.0,2001.0
789,54.0,50.0,,NLD,p,,,male,0.044000000000000004,,0.091,0.0,0.0,-2.3674504262578693,-2.5834259845940406,2003.0,2001.0
790,49.0,45.0,,NLD,p,,,male,0.017,,0.022000000000000002,0.0,0.0,-2.3674504262578693,-2.5834259845940406,2003.0,2001.0
791,44.0,40.0,,NLD,p,,,male,0.009000000000000001,,0.016,0.0,0.0,-2.3674504262578693,-2.5834259845940406,2003.0,2001.0
792,39.0,34.0,,NLD,p,,,male,0.015,,0.026000000000000002,0.0,0.0,-2.3674504262578693,-2.5834259845940406,2003.0,2001.0
793,34.0,30.0,,NLD,p,,,male,0.018000000000000002,,0.043,0.0,0.0,-2.3674504262578693,-2.5834259845940406,2003.0,2001.0
794,29.0,25.0,,NLD,p,,,male,0.006,,0.006,0.0,0.0,-2.3674504262578693,-2.5834259845940406,2003.0,2001.0
795,24.0,20.0,,NLD,p,38.0,,male,-0.99,,0.0,0.0,0.0,-2.3674504262578693,-2.5834259845940406,2003.0,2001.0
796,85.0,75.0,,NLD,p,,,male,0.0159,,0.07400000000000001,1.0,1.0,,-2.708030177665755,1993.0,1992.0
797,74.0,65.0,,NLD,p,,,male,0.021,,0.10300000000000001,1.0,1.0,,-2.708030177665755,1993.0,1992.0
798,64.0,55.0,,NLD,p,,,male,0.013500000000000002,,0.042,1.0,1.0,,-2.708030177665755,1993.0,1992.0
799,18.0,13.0,,NLD,p,,,total,0.021,,0.105,0.0,1.0,-4.029621537411595,-2.7575168382879007,1993.0,1993.0
800,99.0,80.0,,NZL,p,,,female,0.01,,0.04,1.0,0.0,-4.029621537411595,-4.250428027039955,2004.0,2003.0
801,79.0,75.0,,NZL,p,,,female,0.013000000000000001,,0.044000000000000004,1.0,0.0,-4.029621537411595,-4.250428027039955,2004.0,2003.0
802,74.0,70.0,,NZL,p,,,female,0.021,,0.07400000000000001,1.0,0.0,-4.029621537411595,-4.250428027039955,2004.0,2003.0
803,69.0,65.0,,NZL,p,,,female,0.013000000000000001,,0.054000000000000006,1.0,0.0,-4.029621537411595,-4.250428027039955,2004.0,2003.0
804,64.0,60.0,,NZL,p,,,female,0.017,,0.1,1.0,0.0,-4.029621537411595,-4.250428027039955,2004.0,2003.0
805,59.0,55.0,,NZL,p,,,female,0.017,,0.09300000000000001,1.0,0.0,-4.029621537411595,-4.250428027039955,2004.0,2003.0
806,54.0,50.0,,NZL,p,,,female,0.015,,0.115,1.0,0.0,-4.029621537411595,-4.250428027039955,2004.0,2003.0
807,49.0,45.0,,NZL,p,,,female,0.012,,0.092,1.0,0.0,-4.029621537411595,-4.250428027039955,2004.0,2003.0
808,44.0,40.0,,NZL,p,,,female,0.013000000000000001,,0.10400000000000001,1.0,0.0,-4.029621537411595,-4.250428027039955,2004.0,2003.0
809,39.0,35.0,,NZL,p,,,female,0.013999999999999999,,0.153,1.0,0.0,-4.029621537411595,-4.250428027039955,2004.0,2003.0
810,34.0,30.0,,NZL,p,,,female,0.015,,0.13,1.0,0.0,-4.029621537411595,-4.250428027039955,2004.0,2003.0
811,29.0,25.0,,NZL,p,,,female,0.018000000000000002,,0.12,1.0,0.0,-4.029621537411595,-4.250428027039955,2004.0,2003.0
812,24.0,20.0,,NZL,p,,,female,0.019,,0.146,1.0,0.0,-4.029621537411595,-4.250428027039955,2004.0,2003.0
813,19.0,19.0,,NZL,p,,,female,0.054000000000000006,,0.165,1.0,0.0,-4.029621537411595,-4.250428027039955,2004.0,2003.0
814,18.0,18.0,,NZL,p,,,female,0.032,,0.09300000000000001,1.0,0.0,-4.029621537411595,-4.250428027039955,2004.0,2003.0
815,17.0,17.0,,NZL,p,,,female,0.040999999999999995,,0.128,1.0,0.0,-4.029621537411595,-4.250428027039955,2004.0,2003.0
816,99.0,85.0,,NZL,p,,,female,0.021,,0.049,1.0,1.0,-4.029621537411595,-4.250428027039955,2004.0,2003.0
817,84.0,80.0,,NZL,p,,,female,0.017,,0.066,1.0,1.0,-4.029621537411595,-4.250428027039955,2004.0,2003.0
818,79.0,75.0,,NZL,p,,,female,0.015,,0.061,1.0,1.0,-4.029621537411595,-4.250428027039955,2004.0,2003.0
819,74.0,70.0,,NZL,p,,,female,0.027000000000000003,,0.087,1.0,1.0,-4.029621537411595,-4.250428027039955,2004.0,2003.0
820,69.0,65.0,,NZL,p,,,female,0.017,,0.094,1.0,1.0,-4.029621537411595,-4.250428027039955,2004.0,2003.0
821,64.0,60.0,,NZL,p,,,female,0.022000000000000002,,0.14300000000000002,1.0,1.0,-4.029621537411595,-4.250428027039955,2004.0,2003.0
822,59.0,55.0,,NZL,p,,,female,0.02,,0.166,1.0,1.0,-4.029621537411595,-4.250428027039955,2004.0,2003.0
823,54.0,50.0,,NZL,p,,,female,0.019,,0.183,1.0,1.0,-4.029621537411595,-4.250428027039955,2004.0,2003.0
824,49.0,45.0,,NZL,p,,,female,0.013999999999999999,,0.146,1.0,1.0,-4.029621537411595,-4.250428027039955,2004.0,2003.0
825,44.0,40.0,,NZL,p,,,female,0.015,,0.171,1.0,1.0,-4.029621537411595,-4.250428027039955,2004.0,2003.0
826,39.0,35.0,,NZL,p,,,female,0.016,,0.223,1.0,1.0,-4.029621537411595,-4.250428027039955,2004.0,2003.0
827,34.0,30.0,,NZL,p,,,female,0.018000000000000002,,0.215,1.0,1.0,-4.029621537411595,-4.250428027039955,2004.0,2003.0
828,29.0,25.0,,NZL,p,,,female,0.024,,0.225,1.0,1.0,-4.029621537411595,-4.250428027039955,2004.0,2003.0
829,24.0,20.0,,NZL,p,,,female,0.02,,0.21,1.0,1.0,-4.029621537411595,-4.250428027039955,2004.0,2003.0
830,19.0,19.0,,NZL,p,,,female,0.063,,0.255,1.0,1.0,-4.029621537411595,-4.250428027039955,2004.0,2003.0
831,18.0,18.0,,NZL,p,,,female,0.054000000000000006,,0.233,1.0,1.0,-4.029621537411595,-4.250428027039955,2004.0,2003.0
832,17.0,17.0,,NZL,p,,,female,0.045,,0.14800000000000002,1.0,1.0,-4.029621537411595,-4.250428027039955,2004.0,2003.0
833,15.0,15.0,,NZL,p,,,female,0.026099999999999998,,0.188,1.0,1.0,,-4.250428027039955,1992.0,1992.0
834,18.0,18.0,,NZL,p,,,female,0.0282,,0.223,1.0,1.0,,-4.250428027039955,1995.0,1995.0
835,11.0,11.0,,NZL,p,,,female,0.021400000000000002,,0.09,1.0,1.0,,,1984.0,1983.0
836,99.0,85.0,,NZL,p,,,male,0.011000000000000001,,0.011000000000000001,1.0,1.0,-4.029621537411595,-4.250428027039955,2004.0,2003.0
837,84.0,80.0,,NZL,p,,,male,0.001,,0.001,1.0,1.0,-4.029621537411595,-4.250428027039955,2004.0,2003.0
838,79.0,75.0,,NZL,p,,,male,0.016,,0.037000000000000005,1.0,1.0,-4.029621537411595,-4.250428027039955,2004.0,2003.0
839,74.0,70.0,,NZL,p,,,male,0.013999999999999999,,0.040999999999999995,1.0,1.0,-4.029621537411595,-4.250428027039955,2004.0,2003.0
840,69.0,65.0,,NZL,p,,,male,0.013000000000000001,,0.048,1.0,1.0,-4.029621537411595,-4.250428027039955,2004.0,2003.0
841,64.0,60.0,,NZL,p,,,male,0.013999999999999999,,0.066,1.0,1.0,-4.029621537411595,-4.250428027039955,2004.0,2003.0
842,59.0,55.0,,NZL,p,,,male,0.016,,0.071,1.0,1.0,-4.029621537411595,-4.250428027039955,2004.0,2003.0
843,54.0,50.0,,NZL,p,,,male,0.017,,0.102,1.0,1.0,-4.029621537411595,-4.250428027039955,2004.0,2003.0
844,49.0,45.0,,NZL,p,,,male,0.017,,0.096,1.0,1.0,-4.029621537411595,-4.250428027039955,2004.0,2003.0
845,44.0,40.0,,NZL,p,,,male,0.015,,0.10300000000000001,1.0,1.0,-4.029621537411595,-4.250428027039955,2004.0,2003.0
846,39.0,35.0,,NZL,p,,,male,0.015,,0.122,1.0,1.0,-4.029621537411595,-4.250428027039955,2004.0,2003.0
847,34.0,30.0,,NZL,p,,,male,0.017,,0.114,1.0,1.0,-4.029621537411595,-4.250428027039955,2004.0,2003.0
848,29.0,25.0,,NZL,p,,,male,0.018000000000000002,,0.132,1.0,1.0,-4.029621537411595,-4.250428027039955,2004.0,2003.0
849,24.0,20.0,,NZL,p,,,male,0.021,,0.141,1.0,1.0,-4.029621537411595,-4.250428027039955,2004.0,2003.0
850,19.0,19.0,,NZL,p,,,male,0.043,,0.13,1.0,1.0,-4.029621537411595,-4.250428027039955,2004.0,2003.0
851,18.0,18.0,,NZL,p,,,male,0.044000000000000004,,0.099,1.0,1.0,-4.029621537411595,-4.250428027039955,2004.0,2003.0
852,17.0,17.0,,NZL,p,,,male,0.036000000000000004,,0.09300000000000001,1.0,1.0,-4.029621537411595,-4.250428027039955,2004.0,2003.0
853,99.0,80.0,,NZL,p,,,male,0.004,,0.004,1.0,0.0,-4.029621537411595,-4.250428027039955,2004.0,2003.0
854,79.0,75.0,,NZL,p,,,male,0.016,,0.027999999999999997,1.0,0.0,-4.029621537411595,-4.250428027039955,2004.0,2003.0
855,74.0,70.0,,NZL,p,,,male,0.01,,0.021,1.0,0.0,-4.029621537411595,-4.250428027039955,2004.0,2003.0
856,69.0,65.0,,NZL,p,,,male,0.009000000000000001,,0.02,1.0,0.0,-4.029621537411595,-4.250428027039955,2004.0,2003.0
857,64.0,60.0,,NZL,p,,,male,0.012,,0.043,1.0,0.0,-4.029621537411595,-4.250428027039955,2004.0,2003.0
858,59.0,55.0,,NZL,p,,,male,0.013000000000000001,,0.046,1.0,0.0,-4.029621537411595,-4.250428027039955,2004.0,2003.0
859,54.0,50.0,,NZL,p,,,male,0.013000000000000001,,0.057999999999999996,1.0,0.0,-4.029621537411595,-4.250428027039955,2004.0,2003.0
860,49.0,45.0,,NZL,p,,,male,0.013999999999999999,,0.063,1.0,0.0,-4.029621537411595,-4.250428027039955,2004.0,2003.0
861,44.0,40.0,,NZL,p,,,male,0.008,,0.043,1.0,0.0,-4.029621537411595,-4.250428027039955,2004.0,2003.0
862,39.0,35.0,,NZL,p,,,male,0.011000000000000001,,0.055999999999999994,1.0,0.0,-4.029621537411595,-4.250428027039955,2004.0,2003.0
863,34.0,30.0,,NZL,p,,,male,0.013000000000000001,,0.07200000000000001,1.0,0.0,-4.029621537411595,-4.250428027039955,2004.0,2003.0
864,29.0,25.0,,NZL,p,,,male,0.015,,0.063,1.0,0.0,-4.029621537411595,-4.250428027039955,2004.0,2003.0
865,24.0,20.0,,NZL,p,,,male,0.019,,0.09300000000000001,1.0,0.0,-4.029621537411595,-4.250428027039955,2004.0,2003.0
866,19.0,19.0,,NZL,p,,,male,0.033,,0.059000000000000004,1.0,0.0,-4.029621537411595,-4.250428027039955,2004.0,2003.0
867,18.0,18.0,,NZL,p,,,male,0.035,,0.07400000000000001,1.0,0.0,-4.029621537411595,-4.250428027039955,2004.0,2003.0
868,17.0,17.0,,NZL,p,,,male,0.03,,0.06,1.0,0.0,-4.029621537411595,-4.250428027039955,2004.0,2003.0
869,15.0,15.0,,NZL,p,,,male,0.0166,,0.069,1.0,1.0,,-4.250428027039955,1992.0,1992.0
870,18.0,18.0,,NZL,p,,,male,0.0213,,0.11699999999999999,1.0,1.0,,-4.250428027039955,1995.0,1995.0
871,11.0,11.0,,NZL,p,,,male,0.0169,,0.06,1.0,1.0,,,1984.0,1983.0
872,64.0,18.0,,NZL,p,,,total,0.0092,,0.064,1.0,0.0,-4.029621537411595,-4.250428027039955,1986.0,1986.0
873,18.0,18.0,,NGA,p,,,female,0.042,,0.106,0.0,1.0,-1.9423609066308407,-2.0842626820597823,2004.0,2002.0
874,19.0,19.0,,NGA,p,,,female,0.026000000000000002,,0.049,0.0,1.0,-1.9423609066308407,-2.0842626820597823,2004.0,2002.0
875,24.0,20.0,,NGA,p,,,female,0.015,,0.071,0.0,1.0,-1.9423609066308407,-2.0842626820597823,2004.0,2002.0
876,29.0,25.0,,NGA,p,,,female,0.011000000000000001,,0.043,0.0,1.0,-1.9423609066308407,-2.0842626820597823,2004.0,2002.0
877,34.0,30.0,,NGA,p,,,female,0.013000000000000001,,0.053,0.0,1.0,-1.9423609066308407,-2.0842626820597823,2004.0,2002.0
878,39.0,35.0,,NGA,p,,,female,0.008,,0.03,0.0,1.0,-1.9423609066308407,-2.0842626820597823,2004.0,2002.0
879,44.0,40.0,,NGA,p,,,female,0.013000000000000001,,0.046,0.0,1.0,-1.9423609066308407,-2.0842626820597823,2004.0,2002.0
880,49.0,45.0,,NGA,p,,,female,0.022000000000000002,,0.042,0.0,1.0,-1.9423609066308407,-2.0842626820597823,2004.0,2002.0
881,54.0,50.0,,NGA,p,,,female,0.023,,0.067,0.0,1.0,-1.9423609066308407,-2.0842626820597823,2004.0,2002.0
882,59.0,55.0,,NGA,p,,,female,0.021,,0.053,0.0,1.0,-1.9423609066308407,-2.0842626820597823,2004.0,2002.0
883,64.0,60.0,,NGA,p,,,female,0.016,,0.05,0.0,1.0,-1.9423609066308407,-2.0842626820597823,2004.0,2002.0
884,69.0,65.0,,NGA,p,,,female,0.023,,0.048,0.0,1.0,-1.9423609066308407,-2.0842626820597823,2004.0,2002.0
885,74.0,70.0,,NGA,p,,,female,0.023,,0.034,0.0,1.0,-1.9423609066308407,-2.0842626820597823,2004.0,2002.0
886,79.0,75.0,,NGA,p,,,female,0.026000000000000002,,0.047,0.0,1.0,-1.9423609066308407,-2.0842626820597823,2004.0,2002.0
887,84.0,80.0,,NGA,p,,,female,0.012,,0.017,0.0,1.0,-1.9423609066308407,-2.0842626820597823,2004.0,2002.0
888,99.0,85.0,,NGA,p,,,female,0.06,,0.095,0.0,1.0,-1.9423609066308407,-2.0842626820597823,2004.0,2002.0
889,18.0,13.0,,NGA,p,,,female,0.0264,,0.196,0.0,1.0,-2.1821146670716596,-2.034626715388157,2005.0,2005.0
890,18.0,18.0,,NGA,p,,,male,0.024,,0.054000000000000006,0.0,1.0,-1.9423609066308407,-2.0842626820597823,2004.0,2002.0
891,19.0,19.0,,NGA,p,,,male,0.035,,0.071,0.0,1.0,-1.9423609066308407,-2.0842626820597823,2004.0,2002.0
892,24.0,20.0,,NGA,p,,,male,0.009000000000000001,,0.023,0.0,1.0,-1.9423609066308407,-2.0842626820597823,2004.0,2002.0
893,29.0,25.0,,NGA,p,,,male,0.01,,0.05,0.0,1.0,-1.9423609066308407,-2.0842626820597823,2004.0,2002.0
894,34.0,30.0,,NGA,p,,,male,0.01,,0.05,0.0,1.0,-1.9423609066308407,-2.0842626820597823,2004.0,2002.0
895,39.0,35.0,,NGA,p,,,male,0.013000000000000001,,0.032,0.0,1.0,-1.9423609066308407,-2.0842626820597823,2004.0,2002.0
896,44.0,40.0,,NGA,p,,,male,0.019,,0.055,0.0,1.0,-1.9423609066308407,-2.0842626820597823,2004.0,2002.0
897,49.0,45.0,,NGA,p,,,male,0.015,,0.042,0.0,1.0,-1.9423609066308407,-2.0842626820597823,2004.0,2002.0
898,54.0,50.0,,NGA,p,,,male,0.019,,0.045,0.0,1.0,-1.9423609066308407,-2.0842626820597823,2004.0,2002.0
899,59.0,55.0,,NGA,p,,,male,0.012,,0.019,0.0,1.0,-1.9423609066308407,-2.0842626820597823,2004.0,2002.0
900,64.0,60.0,,NGA,p,,,male,0.013999999999999999,,0.019,0.0,1.0,-1.9423609066308407,-2.0842626820597823,2004.0,2002.0
901,69.0,65.0,,NGA,p,,,male,0.025,,0.061,0.0,1.0,-1.9423609066308407,-2.0842626820597823,2004.0,2002.0
902,74.0,70.0,,NGA,p,,,male,0.006999999999999999,,0.018000000000000002,0.0,1.0,-1.9423609066308407,-2.0842626820597823,2004.0,2002.0
903,79.0,75.0,,NGA,p,,,male,0.015,,0.022000000000000002,0.0,1.0,-1.9423609066308407,-2.0842626820597823,2004.0,2002.0
904,84.0,80.0,,NGA,p,,,male,0.033,,0.055999999999999994,0.0,1.0,-1.9423609066308407,-2.0842626820597823,2004.0,2002.0
905,99.0,85.0,,NGA,p,,,male,0.032,,0.033,0.0,1.0,-1.9423609066308407,-2.0842626820597823,2004.0,2002.0
906,18.0,13.0,,NGA,p,,,male,0.018600000000000002,,0.114,0.0,1.0,-2.1821146670716596,-2.034626715388157,2005.0,2005.0
907,18.0,13.0,,NGA,p,,,total,0.015700000000000002,,0.15,0.0,1.0,-2.1821146670716596,-2.034626715388157,2005.0,2005.0
908,79.0,60.0,,NOR,p,,,female,0.019,,0.113,0.0,0.0,,-2.473686038226128,1991.0,1989.0
909,59.0,40.0,,NOR,p,,,female,0.0183,,0.141,0.0,0.0,,-2.473686038226128,1991.0,1989.0
910,39.0,20.0,,NOR,p,,,female,0.0165,,0.159,0.0,0.0,,-2.473686038226128,1991.0,1989.0
911,79.0,60.0,,NOR,p,,,male,0.0231,,0.111,0.0,0.0,,-2.473686038226128,1991.0,1989.0
912,59.0,40.0,,NOR,p,,,male,0.0134,,0.045,0.0,0.0,,-2.473686038226128,1991.0,1989.0
913,39.0,20.0,,NOR,p,,,male,0.0144,,0.073,0.0,0.0,,-2.473686038226128,1991.0,1989.0
914,17.0,4.0,,PRI,p,,0.055999999999999994,total,-0.99,0.086,0.069,1.0,1.0,-2.225570429345208,-2.1384110093379163,2000.0,1999.0
915,84.0,80.0,,ROU,p,,,female,0.054000000000000006,,0.073,0.0,0.0,-2.5430664383991823,-2.314741453773978,2006.0,2005.0
916,79.0,75.0,,ROU,p,,,female,0.03,,0.071,0.0,0.0,-2.5430664383991823,-2.314741453773978,2006.0,2005.0
917,74.0,70.0,,ROU,p,,,female,0.012,,0.016,0.0,0.0,-2.5430664383991823,-2.314741453773978,2006.0,2005.0
918,69.0,65.0,,ROU,p,,,female,0.022000000000000002,,0.051,0.0,0.0,-2.5430664383991823,-2.314741453773978,2006.0,2005.0
919,64.0,60.0,,ROU,p,,,female,0.017,,0.032,0.0,0.0,-2.5430664383991823,-2.314741453773978,2006.0,2005.0
920,59.0,55.0,,ROU,p,,,female,0.02,,0.045,0.0,0.0,-2.5430664383991823,-2.314741453773978,2006.0,2005.0
921,54.0,50.0,,ROU,p,,,female,0.019,,0.064,0.0,0.0,-2.5430664383991823,-2.314741453773978,2006.0,2005.0
922,49.0,45.0,,ROU,p,,,female,0.033,,0.055,0.0,0.0,-2.5430664383991823,-2.314741453773978,2006.0,2005.0
923,44.0,40.0,,ROU,p,,,female,0.023,,0.04,0.0,0.0,-2.5430664383991823,-2.314741453773978,2006.0,2005.0
924,39.0,35.0,,ROU,p,,,female,0.019,,0.047,0.0,0.0,-2.5430664383991823,-2.314741453773978,2006.0,2005.0
925,34.0,30.0,,ROU,p,,,female,0.013000000000000001,,0.013000000000000001,0.0,0.0,-2.5430664383991823,-2.314741453773978,2006.0,2005.0
926,29.0,25.0,,ROU,p,,,female,0.033,,0.053,0.0,0.0,-2.5430664383991823,-2.314741453773978,2006.0,2005.0
927,24.0,20.0,,ROU,p,,,female,0.032,,0.075,0.0,0.0,-2.5430664383991823,-2.314741453773978,2006.0,2005.0
928,84.0,80.0,,ROU,p,33.0,,male,-0.99,,0.0,0.0,0.0,-2.5430664383991823,-2.314741453773978,2006.0,2005.0
929,79.0,75.0,,ROU,p,56.0,,male,-0.99,,0.0,0.0,0.0,-2.5430664383991823,-2.314741453773978,2006.0,2005.0
930,74.0,70.0,,ROU,p,,,male,0.005,,0.005,0.0,0.0,-2.5430664383991823,-2.314741453773978,2006.0,2005.0
931,69.0,65.0,,ROU,p,,,male,0.016,,0.03,0.0,0.0,-2.5430664383991823,-2.314741453773978,2006.0,2005.0
932,64.0,60.0,,ROU,p,,,male,0.021,,0.027000000000000003,0.0,0.0,-2.5430664383991823,-2.314741453773978,2006.0,2005.0
933,59.0,55.0,,ROU,p,,,male,0.023,,0.032,0.0,0.0,-2.5430664383991823,-2.314741453773978,2006.0,2005.0
934,54.0,50.0,,ROU,p,,,male,0.018000000000000002,,0.035,0.0,0.0,-2.5430664383991823,-2.314741453773978,2006.0,2005.0
935,49.0,45.0,,ROU,p,,,male,0.02,,0.03,0.0,0.0,-2.5430664383991823,-2.314741453773978,2006.0,2005.0
936,44.0,40.0,,ROU,p,,,male,0.016,,0.019,0.0,0.0,-2.5430664383991823,-2.314741453773978,2006.0,2005.0
937,39.0,35.0,,ROU,p,,,male,0.013999999999999999,,0.013999999999999999,0.0,0.0,-2.5430664383991823,-2.314741453773978,2006.0,2005.0
938,34.0,30.0,,ROU,p,,,male,0.017,,0.025,0.0,0.0,-2.5430664383991823,-2.314741453773978,2006.0,2005.0
939,29.0,25.0,,ROU,p,,,male,0.013000000000000001,,0.013000000000000001,0.0,0.0,-2.5430664383991823,-2.314741453773978,2006.0,2005.0
940,24.0,20.0,,ROU,p,58.0,,male,-0.99,,0.0,0.0,0.0,-2.5430664383991823,-2.314741453773978,2006.0,2005.0
941,94.0,18.0,,RWA,p,,0.27,female,-0.99,0.324,0.297,1.0,0.0,-0.38685536903455736,-0.7495611602052141,1994.0,1994.0
942,94.0,18.0,,RWA,p,,0.172,male,-0.99,0.221,0.196,1.0,0.0,-0.38685536903455736,-0.7495611602052141,1994.0,1994.0
943,74.0,70.0,,ZAF,p,,,female,0.034,,0.035,1.0,0.0,-2.198046873797357,-2.1741781029689418,2004.0,2003.0
944,69.0,65.0,,ZAF,p,,,female,0.034,,0.06,1.0,0.0,-2.198046873797357,-2.1741781029689418,2004.0,2003.0
945,64.0,60.0,,ZAF,p,,,female,0.022000000000000002,,0.028999999999999998,1.0,0.0,-2.198046873797357,-2.1741781029689418,2004.0,2003.0
946,59.0,55.0,,ZAF,p,,,female,0.021,,0.052000000000000005,1.0,0.0,-2.198046873797357,-2.1741781029689418,2004.0,2003.0
947,54.0,50.0,,ZAF,p,,,female,0.015,,0.039,1.0,0.0,-2.198046873797357,-2.1741781029689418,2004.0,2003.0
948,49.0,45.0,,ZAF,p,,,female,0.017,,0.064,1.0,0.0,-2.198046873797357,-2.1741781029689418,2004.0,2003.0
949,44.0,40.0,,ZAF,p,,,female,0.012,,0.064,1.0,0.0,-2.198046873797357,-2.1741781029689418,2004.0,2003.0
950,39.0,35.0,,ZAF,p,,,female,0.009000000000000001,,0.032,1.0,0.0,-2.198046873797357,-2.1741781029689418,2004.0,2003.0
951,34.0,30.0,,ZAF,p,,,female,0.015,,0.055999999999999994,1.0,0.0,-2.198046873797357,-2.1741781029689418,2004.0,2003.0
952,29.0,25.0,,ZAF,p,,,female,0.013999999999999999,,0.04,1.0,0.0,-2.198046873797357,-2.1741781029689418,2004.0,2003.0
953,24.0,20.0,,ZAF,p,,,female,0.013999999999999999,,0.04,1.0,0.0,-2.198046873797357,-2.1741781029689418,2004.0,2003.0
954,19.0,19.0,,ZAF,p,,,female,0.02,,0.027999999999999997,1.0,0.0,-2.198046873797357,-2.1741781029689418,2004.0,2003.0
955,18.0,18.0,,ZAF,p,,,female,0.04,,0.079,1.0,0.0,-2.198046873797357,-2.1741781029689418,2004.0,2003.0
956,79.0,75.0,,ZAF,p,,,female,0.023,,0.022000000000000002,1.0,1.0,-2.198046873797357,-2.1741781029689418,2004.0,2003.0
957,74.0,70.0,,ZAF,p,,,female,0.048,,0.09,1.0,1.0,-2.198046873797357,-2.1741781029689418,2004.0,2003.0
958,69.0,65.0,,ZAF,p,,,female,0.04,,0.087,1.0,1.0,-2.198046873797357,-2.1741781029689418,2004.0,2003.0
959,64.0,60.0,,ZAF,p,,,female,0.045,,0.076,1.0,1.0,-2.198046873797357,-2.1741781029689418,2004.0,2003.0
960,59.0,55.0,,ZAF,p,,,female,0.027999999999999997,,0.109,1.0,1.0,-2.198046873797357,-2.1741781029689418,2004.0,2003.0
961,54.0,50.0,,ZAF,p,,,female,0.026000000000000002,,0.109,1.0,1.0,-2.198046873797357,-2.1741781029689418,2004.0,2003.0
962,49.0,45.0,,ZAF,p,,,female,0.026000000000000002,,0.11699999999999999,1.0,1.0,-2.198046873797357,-2.1741781029689418,2004.0,2003.0
963,44.0,40.0,,ZAF,p,,,female,0.022000000000000002,,0.14800000000000002,1.0,1.0,-2.198046873797357,-2.1741781029689418,2004.0,2003.0
964,39.0,35.0,,ZAF,p,,,female,0.019,,0.11900000000000001,1.0,1.0,-2.198046873797357,-2.1741781029689418,2004.0,2003.0
965,34.0,30.0,,ZAF,p,,,female,0.018000000000000002,,0.098,1.0,1.0,-2.198046873797357,-2.1741781029689418,2004.0,2003.0
966,29.0,25.0,,ZAF,p,,,female,0.016,,0.081,1.0,1.0,-2.198046873797357,-2.1741781029689418,2004.0,2003.0
967,24.0,20.0,,ZAF,p,,,female,0.02,,0.095,1.0,1.0,-2.198046873797357,-2.1741781029689418,2004.0,2003.0
968,19.0,19.0,,ZAF,p,,,female,0.039,,0.095,1.0,1.0,-2.198046873797357,-2.1741781029689418,2004.0,2003.0
969,18.0,18.0,,ZAF,p,,,female,0.057,,0.18100000000000002,1.0,1.0,-2.198046873797357,-2.1741781029689418,2004.0,2003.0
970,22.0,14.0,,ZAF,p,,,female,0.0245,,0.21,1.0,0.0,-2.1901515452916316,-2.067805837494857,2000.0,2000.0
971,79.0,75.0,,ZAF,p,,,male,0.155,,0.18100000000000002,1.0,1.0,-2.198046873797357,-2.1741781029689418,2004.0,2003.0
972,74.0,70.0,,ZAF,p,,,male,0.09,,0.145,1.0,1.0,-2.198046873797357,-2.1741781029689418,2004.0,2003.0
973,69.0,65.0,,ZAF,p,36.0,,male,-0.99,,0.0,1.0,1.0,-2.198046873797357,-2.1741781029689418,2004.0,2003.0
974,64.0,60.0,,ZAF,p,,,male,0.067,,0.132,1.0,1.0,-2.198046873797357,-2.1741781029689418,2004.0,2003.0
975,59.0,55.0,,ZAF,p,,,male,0.025,,0.062,1.0,1.0,-2.198046873797357,-2.1741781029689418,2004.0,2003.0
976,54.0,50.0,,ZAF,p,,,male,0.024,,0.059000000000000004,1.0,1.0,-2.198046873797357,-2.1741781029689418,2004.0,2003.0
977,49.0,45.0,,ZAF,p,,,male,0.033,,0.055,1.0,1.0,-2.198046873797357,-2.1741781029689418,2004.0,2003.0
978,74.0,70.0,,ZAF,p,25.0,,male,-0.99,,0.0,1.0,0.0,-2.198046873797357,-2.1741781029689418,2004.0,2003.0
979,44.0,40.0,,ZAF,p,,,male,0.018000000000000002,,0.063,1.0,1.0,-2.198046873797357,-2.1741781029689418,2004.0,2003.0
980,69.0,65.0,,ZAF,p,36.0,,male,-0.99,,0.0,1.0,0.0,-2.198046873797357,-2.1741781029689418,2004.0,2003.0
981,64.0,60.0,,ZAF,p,,,male,0.032,,0.040999999999999995,1.0,0.0,-2.198046873797357,-2.1741781029689418,2004.0,2003.0
982,39.0,35.0,,ZAF,p,,,male,0.025,,0.081,1.0,1.0,-2.198046873797357,-2.1741781029689418,2004.0,2003.0
983,59.0,55.0,,ZAF,p,,,male,0.019,,0.022000000000000002,1.0,0.0,-2.198046873797357,-2.1741781029689418,2004.0,2003.0
984,54.0,50.0,,ZAF,p,,,male,0.015,,0.023,1.0,0.0,-2.198046873797357,-2.1741781029689418,2004.0,2003.0
985,34.0,30.0,,ZAF,p,,,male,0.006,,0.026000000000000002,1.0,1.0,-2.198046873797357,-2.1741781029689418,2004.0,2003.0
986,49.0,45.0,,ZAF,p,,,male,0.002,,0.002,1.0,0.0,-2.198046873797357,-2.1741781029689418,2004.0,2003.0
987,44.0,40.0,,ZAF,p,,,male,0.013000000000000001,,0.027999999999999997,1.0,0.0,-2.198046873797357,-2.1741781029689418,2004.0,2003.0
988,29.0,25.0,,ZAF,p,,,male,0.016,,0.047,1.0,1.0,-2.198046873797357,-2.1741781029689418,2004.0,2003.0
989,39.0,35.0,,ZAF,p,,,male,0.022000000000000002,,0.055999999999999994,1.0,0.0,-2.198046873797357,-2.1741781029689418,2004.0,2003.0
990,34.0,30.0,,ZAF,p,,,male,0.005,,0.022000000000000002,1.0,0.0,-2.198046873797357,-2.1741781029689418,2004.0,2003.0
991,24.0,20.0,,ZAF,p,,,male,0.012,,0.042,1.0,1.0,-2.198046873797357,-2.1741781029689418,2004.0,2003.0
992,29.0,25.0,,ZAF,p,,,male,0.013999999999999999,,0.03,1.0,0.0,-2.198046873797357,-2.1741781029689418,2004.0,2003.0
993,24.0,20.0,,ZAF,p,297.0,,male,-0.99,,0.0,1.0,0.0,-2.198046873797357,-2.1741781029689418,2004.0,2003.0
994,19.0,19.0,,ZAF,p,,,male,0.032,,0.055999999999999994,1.0,1.0,-2.198046873797357,-2.1741781029689418,2004.0,2003.0
995,19.0,19.0,,ZAF,p,,,male,0.028999999999999998,,0.042,1.0,0.0,-2.198046873797357,-2.1741781029689418,2004.0,2003.0
996,18.0,18.0,,ZAF,p,,,male,0.016,,0.017,1.0,0.0,-2.198046873797357,-2.1741781029689418,2004.0,2003.0
997,18.0,18.0,,ZAF,p,,,male,0.023,,0.033,1.0,1.0,-2.198046873797357,-2.1741781029689418,2004.0,2003.0
998,22.0,14.0,,ZAF,p,,,male,0.0294,,0.24,1.0,0.0,-2.1901515452916316,-2.067805837494857,2000.0,2000.0
999,18.0,17.0,,ESP,p,,,female,0.013999999999999999,,0.033,1.0,0.0,-2.631377732342713,-2.425543132049306,1995.0,1995.0
1000,18.0,17.0,,ESP,p,,,male,0.012,,0.022000000000000002,1.0,0.0,-2.631377732342713,-2.425543132049306,1995.0,1995.0
1001,99.0,80.0,,ESP,p,,,female,0.026000000000000002,,0.076,0.0,0.0,-2.175807840914695,-2.469074140253297,2002.0,2001.0
1002,79.0,75.0,,ESP,p,,,female,0.017,,0.055999999999999994,0.0,0.0,-2.175807840914695,-2.469074140253297,2002.0,2001.0
1003,74.0,70.0,,ESP,p,,,female,0.009000000000000001,,0.021,0.0,0.0,-2.175807840914695,-2.469074140253297,2002.0,2001.0
1004,69.0,65.0,,ESP,p,,,female,0.01,,0.026000000000000002,0.0,0.0,-2.175807840914695,-2.469074140253297,2002.0,2001.0
1005,64.0,60.0,,ESP,p,,,female,0.015,,0.040999999999999995,0.0,0.0,-2.175807840914695,-2.469074140253297,2002.0,2001.0
1006,59.0,55.0,,ESP,p,,,female,0.024,,0.081,0.0,0.0,-2.175807840914695,-2.469074140253297,2002.0,2001.0
1007,54.0,50.0,,ESP,p,,,female,0.027000000000000003,,0.08199999999999999,0.0,0.0,-2.175807840914695,-2.469074140253297,2002.0,2001.0
1008,49.0,45.0,,ESP,p,,,female,0.013000000000000001,,0.026000000000000002,0.0,0.0,-2.175807840914695,-2.469074140253297,2002.0,2001.0
1009,44.0,40.0,,ESP,p,,,female,0.027000000000000003,,0.086,0.0,0.0,-2.175807840914695,-2.469074140253297,2002.0,2001.0
1010,39.0,35.0,,ESP,p,,,female,0.012,,0.044000000000000004,0.0,0.0,-2.175807840914695,-2.469074140253297,2002.0,2001.0
1011,34.0,30.0,,ESP,p,,,female,0.015,,0.044000000000000004,0.0,0.0,-2.175807840914695,-2.469074140253297,2002.0,2001.0
1012,29.0,25.0,,ESP,p,,,female,0.018000000000000002,,0.071,0.0,0.0,-2.175807840914695,-2.469074140253297,2002.0,2001.0
1013,24.0,20.0,,ESP,p,,,female,0.017,,0.068,0.0,0.0,-2.175807840914695,-2.469074140253297,2002.0,2001.0
1014,19.0,19.0,,ESP,p,,,female,0.042,,0.064,0.0,0.0,-2.175807840914695,-2.469074140253297,2002.0,2001.0
1015,18.0,18.0,,ESP,p,,,female,0.04,,0.04,0.0,0.0,-2.175807840914695,-2.469074140253297,2002.0,2001.0
1016,99.0,85.0,,ESP,p,,,female,0.054000000000000006,,0.109,0.0,1.0,-2.175807840914695,-2.469074140253297,2002.0,2001.0
1017,84.0,80.0,,ESP,p,,,female,0.023,,0.071,0.0,1.0,-2.175807840914695,-2.469074140253297,2002.0,2001.0
1018,79.0,75.0,,ESP,p,,,female,0.018000000000000002,,0.065,0.0,1.0,-2.175807840914695,-2.469074140253297,2002.0,2001.0
1019,74.0,70.0,,ESP,p,,,female,0.018000000000000002,,0.057,0.0,1.0,-2.175807840914695,-2.469074140253297,2002.0,2001.0
1020,69.0,65.0,,ESP,p,,,female,0.017,,0.057999999999999996,0.0,1.0,-2.175807840914695,-2.469074140253297,2002.0,2001.0
1021,64.0,60.0,,ESP,p,,,female,0.017,,0.054000000000000006,0.0,1.0,-2.175807840914695,-2.469074140253297,2002.0,2001.0
1022,59.0,55.0,,ESP,p,,,female,0.027000000000000003,,0.10800000000000001,0.0,1.0,-2.175807840914695,-2.469074140253297,2002.0,2001.0
1023,54.0,50.0,,ESP,p,,,female,0.03,,0.109,0.0,1.0,-2.175807840914695,-2.469074140253297,2002.0,2001.0
1024,49.0,45.0,,ESP,p,,,female,0.017,,0.065,0.0,1.0,-2.175807840914695,-2.469074140253297,2002.0,2001.0
1025,44.0,40.0,,ESP,p,,,female,0.031,,0.11699999999999999,0.0,1.0,-2.175807840914695,-2.469074140253297,2002.0,2001.0
1026,39.0,35.0,,ESP,p,,,female,0.012,,0.059000000000000004,0.0,1.0,-2.175807840914695,-2.469074140253297,2002.0,2001.0
1027,34.0,30.0,,ESP,p,,,female,0.015,,0.059000000000000004,0.0,1.0,-2.175807840914695,-2.469074140253297,2002.0,2001.0
1028,29.0,25.0,,ESP,p,,,female,0.02,,0.08199999999999999,0.0,1.0,-2.175807840914695,-2.469074140253297,2002.0,2001.0
1029,24.0,20.0,,ESP,p,,,female,0.022000000000000002,,0.113,0.0,1.0,-2.175807840914695,-2.469074140253297,2002.0,2001.0
1030,19.0,19.0,,ESP,p,,,female,0.055999999999999994,,0.134,0.0,1.0,-2.175807840914695,-2.469074140253297,2002.0,2001.0
1031,18.0,18.0,,ESP,p,,,female,0.04,,0.04,0.0,1.0,-2.175807840914695,-2.469074140253297,2002.0,2001.0
1032,99.0,80.0,,ESP,p,,,male,0.013999999999999999,,0.023,0.0,0.0,-2.175807840914695,-2.469074140253297,2002.0,2001.0
1033,79.0,75.0,,ESP,p,,,male,0.009000000000000001,,0.01,0.0,0.0,-2.175807840914695,-2.469074140253297,2002.0,2001.0
1034,99.0,85.0,,ESP,p,37.0,,male,-0.99,,0.0,0.0,1.0,-2.175807840914695,-2.469074140253297,2002.0,2001.0
1035,84.0,80.0,,ESP,p,,,male,0.022000000000000002,,0.036000000000000004,0.0,1.0,-2.175807840914695,-2.469074140253297,2002.0,2001.0
1036,74.0,70.0,,ESP,p,,,male,0.006,,0.012,0.0,0.0,-2.175807840914695,-2.469074140253297,2002.0,2001.0
1037,69.0,65.0,,ESP,p,,,male,0.01,,0.021,0.0,0.0,-2.175807840914695,-2.469074140253297,2002.0,2001.0
1038,79.0,75.0,,ESP,p,,,male,0.009000000000000001,,0.01,0.0,1.0,-2.175807840914695,-2.469074140253297,2002.0,2001.0
1039,64.0,60.0,,ESP,p,,,male,0.019,,0.036000000000000004,0.0,0.0,-2.175807840914695,-2.469074140253297,2002.0,2001.0
1040,59.0,55.0,,ESP,p,,,male,0.006999999999999999,,0.012,0.0,0.0,-2.175807840914695,-2.469074140253297,2002.0,2001.0
1041,74.0,70.0,,ESP,p,,,male,0.008,,0.024,0.0,1.0,-2.175807840914695,-2.469074140253297,2002.0,2001.0
1042,54.0,50.0,,ESP,p,134.0,,male,-0.99,,0.0,0.0,0.0,-2.175807840914695,-2.469074140253297,2002.0,2001.0
1043,49.0,45.0,,ESP,p,,,male,0.006,,0.008,0.0,0.0,-2.175807840914695,-2.469074140253297,2002.0,2001.0
1044,69.0,65.0,,ESP,p,,,male,0.011000000000000001,,0.025,0.0,1.0,-2.175807840914695,-2.469074140253297,2002.0,2001.0
1045,44.0,40.0,,ESP,p,,,male,0.021,,0.035,0.0,0.0,-2.175807840914695,-2.469074140253297,2002.0,2001.0
1046,39.0,35.0,,ESP,p,,,male,0.01,,0.021,0.0,0.0,-2.175807840914695,-2.469074140253297,2002.0,2001.0
1047,64.0,60.0,,ESP,p,,,male,0.019,,0.036000000000000004,0.0,1.0,-2.175807840914695,-2.469074140253297,2002.0,2001.0
1048,34.0,30.0,,ESP,p,,,male,0.01,,0.022000000000000002,0.0,0.0,-2.175807840914695,-2.469074140253297,2002.0,2001.0
1049,29.0,25.0,,ESP,p,,,male,0.002,,0.003,0.0,0.0,-2.175807840914695,-2.469074140253297,2002.0,2001.0
1050,59.0,55.0,,ESP,p,,,male,0.01,,0.021,0.0,1.0,-2.175807840914695,-2.469074140253297,2002.0,2001.0
1051,24.0,20.0,,ESP,p,,,male,0.013000000000000001,,0.027999999999999997,0.0,0.0,-2.175807840914695,-2.469074140253297,2002.0,2001.0
1052,19.0,19.0,,ESP,p,43.0,,male,-0.99,,0.0,0.0,0.0,-2.175807840914695,-2.469074140253297,2002.0,2001.0
1053,54.0,50.0,,ESP,p,,,male,0.005,,0.005,0.0,1.0,-2.175807840914695,-2.469074140253297,2002.0,2001.0
1054,18.0,18.0,,ESP,p,34.0,,male,-0.99,,0.0,0.0,0.0,-2.175807840914695,-2.469074140253297,2002.0,2001.0
1055,49.0,45.0,,ESP,p,,,male,0.017,,0.036000000000000004,0.0,1.0,-2.175807840914695,-2.469074140253297,2002.0,2001.0
1056,44.0,40.0,,ESP,p,,,male,0.034,,0.063,0.0,1.0,-2.175807840914695,-2.469074140253297,2002.0,2001.0
1057,39.0,35.0,,ESP,p,,,male,0.009000000000000001,,0.025,0.0,1.0,-2.175807840914695,-2.469074140253297,2002.0,2001.0
1058,34.0,30.0,,ESP,p,,,male,0.011000000000000001,,0.031,0.0,1.0,-2.175807840914695,-2.469074140253297,2002.0,2001.0
1059,29.0,25.0,,ESP,p,,,male,0.004,,0.009000000000000001,0.0,1.0,-2.175807840914695,-2.469074140253297,2002.0,2001.0
1060,24.0,20.0,,ESP,p,,,male,0.02,,0.057999999999999996,0.0,1.0,-2.175807840914695,-2.469074140253297,2002.0,2001.0
1061,19.0,19.0,,ESP,p,43.0,,male,-0.99,,0.0,0.0,1.0,-2.175807840914695,-2.469074140253297,2002.0,2001.0
1062,18.0,18.0,,ESP,p,,,male,0.026000000000000002,,0.027000000000000003,0.0,1.0,-2.175807840914695,-2.469074140253297,2002.0,2001.0
1063,13.0,13.0,,HKG,p,,0.061,total,-0.99,0.12300000000000001,0.092,0.0,0.0,-4.029621537411595,-2.299611774093322,1995.0,1994.0
1064,15.0,15.0,,TWN,p,,0.01,total,-0.99,0.051,0.031,0.0,0.0,-4.029621537411595,-4.250428027039955,1997.0,1996.0
1065,14.0,14.0,,TWN,p,,0.037000000000000005,total,-0.99,0.111,0.07400000000000001,0.0,0.0,,-4.250428027039955,1996.0,1995.0
1066,99.0,18.0,,TUR,p,,,female,0.0252,,0.139,1.0,0.0,-1.9116918018775224,-1.8036336672813058,2005.0,2005.0
1067,99.0,18.0,,TUR,p,,,male,0.030600000000000002,,0.16699999999999998,1.0,0.0,-1.9116918018775224,-1.8036336672813058,2005.0,2005.0
1068,65.0,18.0,,UGA,p,,,female,0.0305,,0.043,1.0,0.0,-1.0611950621537136,-1.3551017050818723,1972.0,1972.0
1069,65.0,18.0,,UGA,p,,,male,0.0254,,0.031,1.0,0.0,-1.0611950621537136,-1.3551017050818723,1972.0,1972.0
1070,79.0,70.0,,UKR,p,,,female,0.006999999999999999,,0.032,1.0,0.0,-1.70795457983932,-1.8165735249029196,2002.0,2002.0
1071,69.0,60.0,,UKR,p,,,female,0.011000000000000001,,0.048,1.0,0.0,-1.70795457983932,-1.8165735249029196,2002.0,2002.0
1072,59.0,50.0,,UKR,p,,,female,0.01,,0.032,1.0,0.0,-1.70795457983932,-1.8165735249029196,2002.0,2002.0
1073,49.0,40.0,,UKR,p,,,female,0.005,,0.026000000000000002,1.0,0.0,-1.70795457983932,-1.8165735249029196,2002.0,2002.0
1074,29.0,20.0,,UKR,p,,,female,0.008,,0.036000000000000004,1.0,0.0,-1.70795457983932,-1.8165735249029196,2002.0,2002.0
1075,19.0,19.0,,UKR,p,,,female,0.028999999999999998,,0.03,1.0,0.0,-1.70795457983932,-1.8165735249029196,2002.0,2002.0
1076,18.0,18.0,,UKR,p,46.0,,female,-0.99,,0.0,1.0,0.0,-1.70795457983932,-1.8165735249029196,2002.0,2002.0
1077,84.0,80.0,,UKR,p,,,female,0.035,,0.066,1.0,1.0,-1.70795457983932,-1.8165735249029196,2002.0,2002.0
1078,79.0,75.0,,UKR,p,,,female,0.011000000000000001,,0.035,1.0,1.0,-1.70795457983932,-1.8165735249029196,2002.0,2002.0
1079,74.0,70.0,,UKR,p,,,female,0.013000000000000001,,0.051,1.0,1.0,-1.70795457983932,-1.8165735249029196,2002.0,2002.0
1080,69.0,65.0,,UKR,p,,,female,0.019,,0.077,1.0,1.0,-1.70795457983932,-1.8165735249029196,2002.0,2002.0
1081,64.0,60.0,,UKR,p,,,female,0.017,,0.083,1.0,1.0,-1.70795457983932,-1.8165735249029196,2002.0,2002.0
1082,59.0,55.0,,UKR,p,,,female,0.013999999999999999,,0.035,1.0,1.0,-1.70795457983932,-1.8165735249029196,2002.0,2002.0
1083,54.0,50.0,,UKR,p,,,female,0.015,,0.057,1.0,1.0,-1.70795457983932,-1.8165735249029196,2002.0,2002.0
1084,49.0,45.0,,UKR,p,,,female,0.012,,0.033,1.0,1.0,-1.70795457983932,-1.8165735249029196,2002.0,2002.0
1085,44.0,40.0,,UKR,p,,,female,0.012,,0.067,1.0,1.0,-1.70795457983932,-1.8165735249029196,2002.0,2002.0
1086,39.0,35.0,,UKR,p,,,female,0.012,,0.07400000000000001,1.0,1.0,-1.70795457983932,-1.8165735249029196,2002.0,2002.0
1087,34.0,30.0,,UKR,p,,,female,0.016,,0.07400000000000001,1.0,1.0,-1.70795457983932,-1.8165735249029196,2002.0,2002.0
1088,29.0,25.0,,UKR,p,,,female,0.017,,0.052000000000000005,1.0,1.0,-1.70795457983932,-1.8165735249029196,2002.0,2002.0
1089,24.0,20.0,,UKR,p,,,female,0.018000000000000002,,0.069,1.0,1.0,-1.70795457983932,-1.8165735249029196,2002.0,2002.0
1090,19.0,19.0,,UKR,p,,,female,0.055,,0.096,1.0,1.0,-1.70795457983932,-1.8165735249029196,2002.0,2002.0
1091,18.0,18.0,,UKR,p,,,female,0.023,,0.023,1.0,1.0,-1.70795457983932,-1.8165735249029196,2002.0,2002.0
1092,79.0,70.0,,UKR,p,,,male,0.004,,0.012,1.0,0.0,-1.70795457983932,-1.8165735249029196,2002.0,2002.0
1093,69.0,60.0,,UKR,p,,,male,0.01,,0.025,1.0,0.0,-1.70795457983932,-1.8165735249029196,2002.0,2002.0
1094,59.0,50.0,,UKR,p,,,male,0.006999999999999999,,0.013999999999999999,1.0,0.0,-1.70795457983932,-1.8165735249029196,2002.0,2002.0
1095,49.0,40.0,,UKR,p,,,male,0.006999999999999999,,0.025,1.0,0.0,-1.70795457983932,-1.8165735249029196,2002.0,2002.0
1096,29.0,20.0,,UKR,p,,,male,0.009000000000000001,,0.021,1.0,0.0,-1.70795457983932,-1.8165735249029196,2002.0,2002.0
1097,19.0,19.0,,UKR,p,,,male,0.035,,0.049,1.0,0.0,-1.70795457983932,-1.8165735249029196,2002.0,2002.0
1098,18.0,18.0,,UKR,p,,,male,0.023,,0.023,1.0,0.0,-1.70795457983932,-1.8165735249029196,2002.0,2002.0
1099,84.0,80.0,,UKR,p,26.0,,male,-0.99,,0.0,1.0,1.0,-1.70795457983932,-1.8165735249029196,2002.0,2002.0
1100,79.0,75.0,,UKR,p,,,male,0.013999999999999999,,0.039,1.0,1.0,-1.70795457983932,-1.8165735249029196,2002.0,2002.0
1101,74.0,70.0,,UKR,p,,,male,0.008,,0.012,1.0,1.0,-1.70795457983932,-1.8165735249029196,2002.0,2002.0
1102,69.0,65.0,,UKR,p,,,male,0.015,,0.027999999999999997,1.0,1.0,-1.70795457983932,-1.8165735249029196,2002.0,2002.0
1103,64.0,60.0,,UKR,p,,,male,0.017,,0.036000000000000004,1.0,1.0,-1.70795457983932,-1.8165735249029196,2002.0,2002.0
1104,59.0,55.0,,UKR,p,,,male,0.009000000000000001,,0.01,1.0,1.0,-1.70795457983932,-1.8165735249029196,2002.0,2002.0
1105,54.0,50.0,,UKR,p,,,male,0.016,,0.035,1.0,1.0,-1.70795457983932,-1.8165735249029196,2002.0,2002.0
1106,49.0,45.0,,UKR,p,,,male,0.016,,0.035,1.0,1.0,-1.70795457983932,-1.8165735249029196,2002.0,2002.0
1107,44.0,40.0,,UKR,p,,,male,0.008,,0.022000000000000002,1.0,1.0,-1.70795457983932,-1.8165735249029196,2002.0,2002.0
1108,39.0,35.0,,UKR,p,,,male,0.01,,0.024,1.0,1.0,-1.70795457983932,-1.8165735249029196,2002.0,2002.0
1109,34.0,30.0,,UKR,p,,,male,0.015,,0.032,1.0,1.0,-1.70795457983932,-1.8165735249029196,2002.0,2002.0
1110,29.0,25.0,,UKR,p,,,male,0.012,,0.017,1.0,1.0,-1.70795457983932,-1.8165735249029196,2002.0,2002.0
1111,24.0,20.0,,UKR,p,,,male,0.013999999999999999,,0.034,1.0,1.0,-1.70795457983932,-1.8165735249029196,2002.0,2002.0
1112,19.0,19.0,,UKR,p,,,male,0.035,,0.049,1.0,1.0,-1.70795457983932,-1.8165735249029196,2002.0,2002.0
1113,18.0,18.0,,UKR,p,,,male,0.023,,0.023,1.0,1.0,-1.70795457983932,-1.8165735249029196,2002.0,2002.0
1114,64.0,16.0,,ARE,p,,,female,0.0213,,0.07,0.0,0.0,,,1990.0,1989.0
1115,64.0,18.0,,GBR,p,,0.021,female,-0.99,0.092,0.044000000000000004,1.0,0.0,-2.210691981603342,-2.289575089656046,1994.0,1993.0
1116,64.0,18.0,,GBR,p,,0.009000000000000001,male,-0.99,0.048,0.021,1.0,0.0,-2.210691981603342,-2.289575089656046,1994.0,1993.0
1117,15.0,5.0,,GBR,p,,,female,0.0027,,0.0404,0.0,0.0,-2.157626566507086,-2.3260555344123626,1999.0,1999.0
1118,10.0,5.0,,GBR,p,,,female,0.0034999999999999996,,0.024,0.0,0.0,-2.3454158540735626,-2.3518191227282164,2004.0,2004.0
1119,15.0,11.0,,GBR,p,,,female,0.00551,,0.053,0.0,0.0,-2.3454158540735626,-2.3518191227282164,2004.0,2004.0
1120,15.0,5.0,,GBR,p,,,male,0.0025,,0.035,0.0,0.0,-2.157626566507086,-2.3260555344123626,1999.0,1999.0
1121,10.0,5.0,,GBR,p,,,male,0.0032,,0.021,0.0,0.0,-2.3454158540735626,-2.3518191227282164,2004.0,2004.0
1122,15.0,11.0,,GBR,p,,,male,0.00435,,0.035,0.0,0.0,-2.3454158540735626,-2.3518191227282164,2004.0,2004.0
1123,7.0,5.0,,GBR,p,,,total,0.0031,,0.0319,0.0,0.0,-2.157626566507086,-2.3260555344123626,1999.0,1999.0
1124,10.0,8.0,,GBR,p,,,total,0.0034000000000000002,,0.0305,0.0,0.0,-2.157626566507086,-2.3260555344123626,1999.0,1999.0
1125,13.0,11.0,,GBR,p,,,total,0.0045000000000000005,,0.0395,0.0,0.0,-2.157626566507086,-2.3260555344123626,1999.0,1999.0
1126,15.0,13.0,,GBR,p,,,total,0.004699999999999999,,0.0504,0.0,0.0,-2.157626566507086,-2.3260555344123626,1999.0,1999.0
1127,15.0,5.0,,GBR,p,,,total,0.0019,,0.0377,0.0,0.0,-2.157626566507086,-2.3260555344123626,1999.0,1999.0
1128,15.0,15.0,,GBR,p,836.0,,female,-0.99,,0.11599999999999999,1.0,0.0,-2.1915670424340927,-2.303128761036633,1999.0,1994.0
1129,15.0,15.0,,GBR,p,898.0,,male,-0.99,,0.069,1.0,0.0,-2.1915670424340927,-2.303128761036633,1999.0,1994.0
1130,17.0,9.0,,USA,p,,0.047,female,-0.99,0.106,0.071,0.0,0.0,-2.3059706670369855,-2.6306398753518763,2000.0,2000.0
1131,16.0,9.0,,USA,p,,0.02,female,-0.99,0.04,0.028999999999999998,0.0,0.0,-2.641852411196924,-2.7867310553028495,2000.0,1992.0
1132,54.0,15.0,,USA,p,,,female,0.001,,0.226,1.0,1.0,-2.6726316101724357,-2.750316968790745,1992.0,1990.0
1133,99.0,80.0,,USA,p,,,female,0.017,,0.059000000000000004,0.0,0.0,-2.030860933526701,-2.182920801644056,2003.0,2002.0
1134,79.0,75.0,,USA,p,,,female,0.019,,0.08900000000000001,0.0,0.0,-2.030860933526701,-2.182920801644056,2003.0,2002.0
1135,74.0,70.0,,USA,p,,,female,0.023,,0.109,0.0,0.0,-2.030860933526701,-2.182920801644056,2003.0,2002.0
1136,69.0,65.0,,USA,p,,,female,0.015,,0.055999999999999994,0.0,0.0,-2.030860933526701,-2.182920801644056,2003.0,2002.0
1137,64.0,60.0,,USA,p,,,female,0.015,,0.08800000000000001,0.0,0.0,-2.030860933526701,-2.182920801644056,2003.0,2002.0
1138,59.0,55.0,,USA,p,,,female,0.02,,0.131,0.0,0.0,-2.030860933526701,-2.182920801644056,2003.0,2002.0
1139,54.0,50.0,,USA,p,,,female,0.017,,0.125,0.0,0.0,-2.030860933526701,-2.182920801644056,2003.0,2002.0
1140,49.0,45.0,,USA,p,,,female,0.022000000000000002,,0.16699999999999998,0.0,0.0,-2.030860933526701,-2.182920801644056,2003.0,2002.0
1141,44.0,40.0,,USA,p,,,female,0.013000000000000001,,0.13,0.0,0.0,-2.030860933526701,-2.182920801644056,2003.0,2002.0
1142,39.0,35.0,,USA,p,,,female,0.023,,0.17,0.0,0.0,-2.030860933526701,-2.182920801644056,2003.0,2002.0
1143,34.0,30.0,,USA,p,,,female,0.017,,0.13699999999999998,0.0,0.0,-2.030860933526701,-2.182920801644056,2003.0,2002.0
1144,29.0,25.0,,USA,p,,,female,0.018000000000000002,,0.154,0.0,0.0,-2.030860933526701,-2.182920801644056,2003.0,2002.0
1145,24.0,20.0,,USA,p,,,female,0.017,,0.135,0.0,0.0,-2.030860933526701,-2.182920801644056,2003.0,2002.0
1146,19.0,19.0,,USA,p,,,female,0.027999999999999997,,0.08,0.0,0.0,-2.030860933526701,-2.182920801644056,2003.0,2002.0
1147,18.0,18.0,,USA,p,,,female,0.035,,0.159,0.0,0.0,-2.030860933526701,-2.182920801644056,2003.0,2002.0
1148,99.0,65.0,,USA,p,,,female,0.006,,0.068,1.0,0.0,-2.5827160861341145,-2.6641341991185907,1983.0,1980.0
1149,64.0,45.0,,USA,p,,,female,0.006,,0.08,1.0,0.0,-2.5827160861341145,-2.6641341991185907,1983.0,1980.0
1150,44.0,25.0,,USA,p,,,female,0.006,,0.11699999999999999,1.0,0.0,-2.5827160861341145,-2.6641341991185907,1983.0,1980.0
1151,24.0,18.0,,USA,p,,,female,0.01,,0.10400000000000001,1.0,0.0,-2.5827160861341145,-2.6641341991185907,1983.0,1980.0
1152,18.0,14.0,,USA,p,,,female,0.0070999999999999995,,0.0471,0.0,0.0,-2.6145962273315386,-2.730658338942526,1990.0,1988.0
1153,17.0,9.0,,USA,p,,0.027999999999999997,male,-0.99,0.063,0.042,0.0,0.0,-2.3059706670369855,-2.6306398753518763,2000.0,2000.0
1154,16.0,9.0,,USA,p,,0.013000000000000001,male,-0.99,0.031,0.02,0.0,0.0,-2.641852411196924,-2.7867310553028495,2000.0,1992.0
1155,54.0,15.0,,USA,p,,,male,0.006,,0.11800000000000001,1.0,1.0,-2.6726316101724357,-2.750316968790745,1992.0,1990.0
1156,99.0,80.0,,USA,p,,,male,0.008,,0.008,0.0,0.0,-2.030860933526701,-2.182920801644056,2003.0,2002.0
1157,79.0,75.0,,USA,p,,,male,0.006999999999999999,,0.006999999999999999,0.0,0.0,-2.030860933526701,-2.182920801644056,2003.0,2002.0
1158,74.0,70.0,,USA,p,,,male,0.006,,0.008,0.0,0.0,-2.030860933526701,-2.182920801644056,2003.0,2002.0
1159,69.0,65.0,,USA,p,,,male,0.013999999999999999,,0.033,0.0,0.0,-2.030860933526701,-2.182920801644056,2003.0,2002.0
1160,64.0,60.0,,USA,p,,,male,0.02,,0.077,0.0,0.0,-2.030860933526701,-2.182920801644056,2003.0,2002.0
1161,59.0,55.0,,USA,p,,,male,0.031,,0.098,0.0,0.0,-2.030860933526701,-2.182920801644056,2003.0,2002.0
1162,54.0,50.0,,USA,p,,,male,0.02,,0.094,0.0,0.0,-2.030860933526701,-2.182920801644056,2003.0,2002.0
1163,49.0,45.0,,USA,p,,,male,0.011000000000000001,,0.073,0.0,0.0,-2.030860933526701,-2.182920801644056,2003.0,2002.0
1164,44.0,40.0,,USA,p,,,male,0.015,,0.084,0.0,0.0,-2.030860933526701,-2.182920801644056,2003.0,2002.0
1165,39.0,35.0,,USA,p,,,male,0.012,,0.083,0.0,0.0,-2.030860933526701,-2.182920801644056,2003.0,2002.0
1166,34.0,30.0,,USA,p,,,male,0.018000000000000002,,0.094,0.0,0.0,-2.030860933526701,-2.182920801644056,2003.0,2002.0
1167,29.0,25.0,,USA,p,,,male,0.024,,0.08800000000000001,0.0,0.0,-2.030860933526701,-2.182920801644056,2003.0,2002.0
1168,24.0,20.0,,USA,p,,,male,0.013000000000000001,,0.047,0.0,0.0,-2.030860933526701,-2.182920801644056,2003.0,2002.0
1169,19.0,19.0,,USA,p,,,male,0.034,,0.09300000000000001,0.0,0.0,-2.030860933526701,-2.182920801644056,2003.0,2002.0
1170,18.0,18.0,,USA,p,,,male,0.019,,0.043,0.0,0.0,-2.030860933526701,-2.182920801644056,2003.0,2002.0
1171,99.0,65.0,,USA,p,,,male,0.004,,0.036000000000000004,1.0,0.0,-2.5827160861341145,-2.6641341991185907,1983.0,1980.0
1172,64.0,45.0,,USA,p,,,male,0.006,,0.051,1.0,0.0,-2.5827160861341145,-2.6641341991185907,1983.0,1980.0
1173,44.0,25.0,,USA,p,,,male,0.005,,0.047,1.0,0.0,-2.5827160861341145,-2.6641341991185907,1983.0,1980.0
1174,24.0,18.0,,USA,p,,,male,0.008,,0.049,1.0,0.0,-2.5827160861341145,-2.6641341991185907,1983.0,1980.0
1175,18.0,14.0,,USA,p,,,male,0.0042,,0.0147,0.0,0.0,-2.6145962273315386,-2.730658338942526,1990.0,1988.0
1176,16.0,16.0,,USA,p,,0.008,total,-0.99,0.031,0.016,0.0,0.0,-2.641852411196924,-2.7867310553028495,2000.0,1992.0
1177,15.0,15.0,,USA,p,,0.016,total,-0.99,0.049,0.027999999999999997,0.0,0.0,-2.641852411196924,-2.7867310553028495,2000.0,1992.0
1178,14.0,14.0,,USA,p,,0.009000000000000001,total,-0.99,0.036000000000000004,0.018000000000000002,0.0,0.0,-2.641852411196924,-2.7867310553028495,2000.0,1992.0
1179,13.0,13.0,,USA,p,,0.01,total,-0.99,0.039,0.02,0.0,0.0,-2.641852411196924,-2.7867310553028495,2000.0,1992.0
1180,12.0,12.0,,USA,p,,0.006,total,-0.99,0.013999999999999999,0.009000000000000001,0.0,0.0,-2.641852411196924,-2.7867310553028495,2000.0,1992.0
1181,11.0,11.0,,USA,p,,0.015,total,-0.99,0.046,0.026000000000000002,0.0,0.0,-2.641852411196924,-2.7867310553028495,2000.0,1992.0
1182,10.0,9.0,,USA,p,,0.027999999999999997,total,-0.99,0.075,0.046,0.0,0.0,-2.641852411196924,-2.7867310553028495,2000.0,1992.0
1183,54.0,18.0,,USA,p,,,total,0.006,,0.10300000000000001,1.0,0.0,-2.6726316101724357,-2.750316968790745,1992.0,1990.0
1184,54.0,18.0,,USA,p,,,total,0.006,,0.17,1.0,1.0,-2.6726316101724357,-2.750316968790745,1992.0,1990.0
1185,54.0,18.0,,USA,p,,0.107,total,-0.99,0.135,0.121,1.0,1.0,-2.6178833262512535,-2.74187288221459,1992.0,1989.0
1186,19.0,10.0,,VNM,p,,,female,0.0018,,0.0113,1.0,1.0,-4.029621537411595,-4.250428027039955,2006.0,2006.0
1187,29.0,20.0,,VNM,p,,,female,0.0029,,0.0308,1.0,1.0,-4.029621537411595,-4.250428027039955,2006.0,2006.0
1188,39.0,30.0,,VNM,p,,,female,0.004,,0.0519,1.0,1.0,-4.029621537411595,-4.250428027039955,2006.0,2006.0
1189,49.0,40.0,,VNM,p,,,female,0.0037,,0.0429,1.0,1.0,-4.029621537411595,-4.250428027039955,2006.0,2006.0
1190,59.0,50.0,,VNM,p,,,female,0.005699999999999999,,0.0528,1.0,1.0,-4.029621537411595,-4.250428027039955,2006.0,2006.0
1191,69.0,60.0,,VNM,p,,,female,0.0058,,0.053,1.0,1.0,-4.029621537411595,-4.250428027039955,2006.0,2006.0
1192,79.0,70.0,,VNM,p,,,female,0.0048,,0.026699999999999998,1.0,1.0,-4.029621537411595,-4.250428027039955,2006.0,2006.0
1193,19.0,10.0,,VNM,p,,,male,0.0012,,0.0048,1.0,1.0,-4.029621537411595,-4.250428027039955,2006.0,2006.0
1194,29.0,20.0,,VNM,p,,,male,0.0019,,0.013000000000000001,1.0,1.0,-4.029621537411595,-4.250428027039955,2006.0,2006.0
1195,39.0,30.0,,VNM,p,,,male,0.0026,,0.0216,1.0,1.0,-4.029621537411595,-4.250428027039955,2006.0,2006.0
1196,49.0,40.0,,VNM,p,,,male,0.0024,,0.0181,1.0,1.0,-4.029621537411595,-4.250428027039955,2006.0,2006.0
1197,59.0,50.0,,VNM,p,,,male,0.0038,,0.0222,1.0,1.0,-4.029621537411595,-4.250428027039955,2006.0,2006.0
1198,69.0,60.0,,VNM,p,,,male,0.0042,,0.024,1.0,1.0,-4.029621537411595,-4.250428027039955,2006.0,2006.0
1199,79.0,70.0,,VNM,p,,,male,0.0037,,0.0132,1.0,1.0,-4.029621537411595,-4.250428027039955,2006.0,2006.0
1200,65.0,18.0,,ZWE,p,,,female,0.0203,,0.035,1.0,0.0,,-1.9159781747345943,1992.0,1991.0
1201,54.0,18.0,,TUR,p,,,female,0.006,,0.071,1.0,1.0,-1.5315741992410794,-1.731518845382392,1996.0,1996.0
1202,54.0,18.0,,TUR,p,,,male,0.005,,0.031,1.0,1.0,-1.5315741992410794,-1.731518845382392,1996.0,1996.0
1203,0.0,0.0,,asia_southeast,m_all,,,female,-99.0,,0.0435828,0.0,0.0,0.0,0.0,1990.0,1990.0
1204,4.0,1.0,,europe_western,m_all,,,female,-99.0,,0.0003522,0.0,0.0,0.0,0.0,1990.0,1990.0
1205,9.0,5.0,,latin_america_andean,m_all,,,female,-99.0,,0.0008975,0.0,0.0,0.0,0.0,1990.0,1990.0
1206,14.0,10.0,,north_america_high_income,m_all,,,female,-99.0,,0.0001937,0.0,0.0,0.0,0.0,1990.0,1990.0
1207,19.0,15.0,,europe_eastern,m_all,,,female,-99.0,,0.0006191,0.0,0.0,0.0,0.0,1990.0,1990.0
1208,24.0,20.0,,sub-saharan_africa_southern,m_all,,,female,-99.0,,0.0016004,0.0,0.0,0.0,0.0,1990.0,1990.0
1209,29.0,25.0,,oceania,m_all,,,female,-99.0,,0.0031952,0.0,0.0,0.0,0.0,1990.0,1990.0
1210,34.0,30.0,,caribbean,m_all,,,female,-99.0,,0.0019982,0.0,0.0,0.0,0.0,1990.0,1990.0
1211,39.0,35.0,,north_america_high_income,m_all,,,female,-99.0,,0.0011033,0.0,0.0,0.0,0.0,1990.0,1990.0
1212,44.0,40.0,,sub-saharan_africa_east,m_all,,,female,-99.0,,0.0082901,0.0,0.0,0.0,0.0,1990.0,1990.0
1213,49.0,45.0,,europe_central,m_all,,,female,-99.0,,0.0032834,0.0,0.0,0.0,0.0,1990.0,1990.0
1214,54.0,50.0,,sub-saharan_africa_east,m_all,,,female,-99.0,,0.0129196,0.0,0.0,0.0,0.0,1990.0,1990.0
1215,59.0,55.0,,sub-saharan_africa_southern,m_all,,,female,-99.0,,0.0120573,0.0,0.0,0.0,0.0,1990.0,1990.0
1216,64.0,60.0,,sub-saharan_africa_central,m_all,,,female,-99.0,,0.0248096,0.0,0.0,0.0,0.0,1990.0,1990.0
1217,69.0,65.0,,europe_eastern,m_all,,,female,-99.0,,0.0222753,0.0,0.0,0.0,0.0,1990.0,1990.0
1218,74.0,70.0,,asia_south,m_all,,,female,-99.0,,0.0547047,0.0,0.0,0.0,0.0,1990.0,1990.0
1219,79.0,75.0,,sub-saharan_africa_east,m_all,,,female,-99.0,,0.0833922,0.0,0.0,0.0,0.0,1990.0,1990.0
1220,84.0,80.0,,asia_southeast,m_all,,,female,-99.0,,0.0956702,0.0,0.0,0.0,0.0,1990.0,1990.0
1221,89.0,85.0,,asia_southeast,m_all,,,female,-99.0,,0.1544451,0.0,0.0,0.0,0.0,1990.0,1990.0
1222,94.0,90.0,,sub-saharan_africa_east,m_all,,,female,-99.0,,0.2670887,0.0,0.0,0.0,0.0,1990.0,1990.0
1223,99.0,95.0,,latin_america_andean,m_all,,,female,-99.0,,0.3396923,0.0,0.0,0.0,0.0,1990.0,1990.0
1224,101.0,100.0,,asia_east,m_all,,,female,-99.0,,0.5290545,0.0,0.0,0.0,0.0,1990.0,1990.0
1225,0.0,0.0,,oceania,m_all,,,female,-99.0,,0.049511,0.0,0.0,0.0,0.0,2005.0,2005.0
1226,4.0,1.0,,sub-saharan_africa_southern,m_all,,,female,-99.0,,0.0056136,0.0,0.0,0.0,0.0,2005.0,2005.0
1227,9.0,5.0,,asia_southeast,m_all,,,female,-99.0,,0.0005348,0.0,0.0,0.0,0.0,2005.0,2005.0
1228,14.0,10.0,,europe_western,m_all,,,female,-99.0,,9.91e-05,0.0,0.0,0.0,0.0,2005.0,2005.0
1229,19.0,15.0,,europe_eastern,m_all,,,female,-99.0,,0.0006119,0.0,0.0,0.0,0.0,2005.0,2005.0
1230,24.0,20.0,,north_africa_middle_east,m_all,,,female,-99.0,,0.0009126,0.0,0.0,0.0,0.0,2005.0,2005.0
1231,29.0,25.0,,australasia,m_all,,,female,-99.0,,0.0003335,0.0,0.0,0.0,0.0,2005.0,2005.0
1232,34.0,30.0,,latin_america_andean,m_all,,,female,-99.0,,0.0010437,0.0,0.0,0.0,0.0,2005.0,2005.0
1233,39.0,35.0,,latin_america_southern,m_all,,,female,-99.0,,0.0009953,0.0,0.0,0.0,0.0,2005.0,2005.0
1234,44.0,40.0,,asia_east,m_all,,,female,-99.0,,0.001769,0.0,0.0,0.0,0.0,2005.0,2005.0
1235,49.0,45.0,,europe_eastern,m_all,,,female,-99.0,,0.0052386,0.0,0.0,0.0,0.0,2005.0,2005.0
1236,54.0,50.0,,sub-saharan_africa_southern,m_all,,,female,-99.0,,0.013388,0.0,0.0,0.0,0.0,2005.0,2005.0
1237,59.0,55.0,,caribbean,m_all,,,female,-99.0,,0.0088404,0.0,0.0,0.0,0.0,2005.0,2005.0
1238,64.0,60.0,,latin_america_southern,m_all,,,female,-99.0,,0.0086932,0.0,0.0,0.0,0.0,2005.0,2005.0
1239,69.0,65.0,,australasia,m_all,,,female,-99.0,,0.0088556,0.0,0.0,0.0,0.0,2005.0,2005.0
1240,74.0,70.0,,australasia,m_all,,,female,-99.0,,0.0147879,0.0,0.0,0.0,0.0,2005.0,2005.0
1241,79.0,75.0,,latin_america_central,m_all,,,female,-99.0,,0.0371959,0.0,0.0,0.0,0.0,2005.0,2005.0
1242,84.0,80.0,,sub-saharan_africa_southern,m_all,,,female,-99.0,,0.109636,0.0,0.0,0.0,0.0,2005.0,2005.0
1243,89.0,85.0,,sub-saharan_africa_southern,m_all,,,female,-99.0,,0.1752814,0.0,0.0,0.0,0.0,2005.0,2005.0
1244,94.0,90.0,,latin_america_andean,m_all,,,female,-99.0,,0.1970101,0.0,0.0,0.0,0.0,2005.0,2005.0
1245,99.0,95.0,,australasia,m_all,,,female,-99.0,,0.3039775,0.0,0.0,0.0,0.0,2005.0,2005.0
1246,101.0,100.0,,europe_eastern,m_all,,,female,-99.0,,0.5265165,0.0,0.0,0.0,0.0,2005.0,2005.0
1247,0.0,0.0,,latin_america_southern,m_all,,,male,-99.0,,0.0248419,0.0,0.0,0.0,0.0,1990.0,1990.0
1248,4.0,1.0,,asia_pacific_high_income,m_all,,,male,-99.0,,0.0005334,0.0,0.0,0.0,0.0,1990.0,1990.0
1249,9.0,5.0,,latin_america_southern,m_all,,,male,-99.0,,0.0003923,0.0,0.0,0.0,0.0,1990.0,1990.0
1250,14.0,10.0,,europe_western,m_all,,,male,-99.0,,0.0002461,0.0,0.0,0.0,0.0,1990.0,1990.0
1251,19.0,15.0,,latin_america_andean,m_all,,,male,-99.0,,0.001326,0.0,0.0,0.0,0.0,1990.0,1990.0
1252,24.0,20.0,,europe_eastern,m_all,,,male,-99.0,,0.0025843,0.0,0.0,0.0,0.0,1990.0,1990.0
1253,29.0,25.0,,asia_pacific_high_income,m_all,,,male,-99.0,,0.001113,0.0,0.0,0.0,0.0,1990.0,1990.0
1254,34.0,30.0,,asia_south,m_all,,,male,-99.0,,0.0031588,0.0,0.0,0.0,0.0,1990.0,1990.0
1255,39.0,35.0,,latin_america_tropical,m_all,,,male,-99.0,,0.0041823,0.0,0.0,0.0,0.0,1990.0,1990.0
1256,44.0,40.0,,caribbean,m_all,,,male,-99.0,,0.0046633,0.0,0.0,0.0,0.0,1990.0,1990.0
1257,49.0,45.0,,europe_central,m_all,,,male,-99.0,,0.0083223,0.0,0.0,0.0,0.0,1990.0,1990.0
1258,54.0,50.0,,north_america_high_income,m_all,,,male,-99.0,,0.0073525,0.0,0.0,0.0,0.0,1990.0,1990.0
1259,59.0,55.0,,latin_america_andean,m_all,,,male,-99.0,,0.0119354,0.0,0.0,0.0,0.0,1990.0,1990.0
1260,64.0,60.0,,latin_america_central,m_all,,,male,-99.0,,0.0179013,0.0,0.0,0.0,0.0,1990.0,1990.0
1261,69.0,65.0,,asia_southeast,m_all,,,male,-99.0,,0.0357781,0.0,0.0,0.0,0.0,1990.0,1990.0
1262,74.0,70.0,,latin_america_central,m_all,,,male,-99.0,,0.0392665,0.0,0.0,0.0,0.0,1990.0,1990.0
1263,79.0,75.0,,australasia,m_all,,,male,-99.0,,0.0700222,0.0,0.0,0.0,0.0,1990.0,1990.0
1264,84.0,80.0,,asia_pacific_high_income,m_all,,,male,-99.0,,0.1052821,0.0,0.0,0.0,0.0,1990.0,1990.0
1265,89.0,85.0,,asia_south,m_all,,,male,-99.0,,0.1909366,0.0,0.0,0.0,0.0,1990.0,1990.0
1266,94.0,90.0,,north_america_high_income,m_all,,,male,-99.0,,0.260978,0.0,0.0,0.0,0.0,1990.0,1990.0
1267,99.0,95.0,,latin_america_southern,m_all,,,male,-99.0,,0.3971091,0.0,0.0,0.0,0.0,1990.0,1990.0
1268,101.0,100.0,,europe_eastern,m_all,,,male,-99.0,,0.5420857,0.0,0.0,0.0,0.0,1990.0,1990.0
1269,0.0,0.0,,asia_east,m_all,,,male,-99.0,,0.019266,0.0,0.0,0.0,0.0,2005.0,2005.0
1270,4.0,1.0,,asia_central,m_all,,,male,-99.0,,0.0028725,0.0,0.0,0.0,0.0,2005.0,2005.0
1271,9.0,5.0,,latin_america_central,m_all,,,male,-99.0,,0.000376,0.0,0.0,0.0,0.0,2005.0,2005.0
1272,14.0,10.0,,latin_america_tropical,m_all,,,male,-99.0,,0.0004372,0.0,0.0,0.0,0.0,2005.0,2005.0
1273,19.0,15.0,,sub-saharan_africa_southern,m_all,,,male,-99.0,,0.0019667,0.0,0.0,0.0,0.0,2005.0,2005.0
1274,24.0,20.0,,north_america_high_income,m_all,,,male,-99.0,,0.0013588,0.0,0.0,0.0,0.0,2005.0,2005.0
1275,29.0,25.0,,latin_america_andean,m_all,,,male,-99.0,,0.0017597,0.0,0.0,0.0,0.0,2005.0,2005.0
1276,34.0,30.0,,asia_south,m_all,,,male,-99.0,,0.0031372,0.0,0.0,0.0,0.0,2005.0,2005.0
1277,39.0,35.0,,europe_eastern,m_all,,,male,-99.0,,0.0094412,0.0,0.0,0.0,0.0,2005.0,2005.0
1278,44.0,40.0,,asia_central,m_all,,,male,-99.0,,0.0077878,0.0,0.0,0.0,0.0,2005.0,2005.0
1279,49.0,45.0,,europe_central,m_all,,,male,-99.0,,0.0069777,0.0,0.0,0.0,0.0,2005.0,2005.0
1280,54.0,50.0,,asia_southeast,m_all,,,male,-99.0,,0.0105418,0.0,0.0,0.0,0.0,2005.0,2005.0
1281,59.0,55.0,,latin_america_tropical,m_all,,,male,-99.0,,0.0126086,0.0,0.0,0.0,0.0,2005.0,2005.0
1282,64.0,60.0,,north_africa_middle_east,m_all,,,male,-99.0,,0.0207654,0.0,0.0,0.0,0.0,2005.0,2005.0
1283,69.0,65.0,,asia_pacific_high_income,m_all,,,male,-99.0,,0.0172328,0.0,0.0,0.0,0.0,2005.0,2005.0
1284,74.0,70.0,,asia_pacific_high_income,m_all,,,male,-99.0,,0.0278808,0.0,0.0,0.0,0.0,2005.0,2005.0
1285,79.0,75.0,,europe_central,m_all,,,male,-99.0,,0.0767972,0.0,0.0,0.0,0.0,2005.0,2005.0
1286,84.0,80.0,,europe_central,m_all,,,male,-99.0,,0.1209042,0.0,0.0,0.0,0.0,2005.0,2005.0
1287,89.0,85.0,,north_africa_middle_east,m_all,,,male,-99.0,,0.1708587,0.0,0.0,0.0,0.0,2005.0,2005.0
1288,94.0,90.0,,north_africa_middle_east,m_all,,,male,-99.0,,0.2639649,0.0,0.0,0.0,0.0,2005.0,2005.0
1289,99.0,95.0,,caribbean,m_all,,,male,-99.0,,0.3698093,0.0,0.0,0.0,0.0,2005.0,2005.0
1290,101.0,100.0,,sub-saharan_africa_east,m_all,,,male,-99.0,,0.5294952,0.0,0.0,0.0,0.0,2005.0,2005.0
1291,0.0,0.0,,sub-saharan_africa_west,m_all,,,female,-99.0,,0.1473145,0.0,0.0,0.0,0.0,1990.0,1990.0
1292,0.0,0.0,,latin_america_central,m_all,,,female,-99.0,,0.0280416,0.0,0.0,0.0,0.0,1990.0,1990.0
1293,0.0,0.0,,latin_america_tropical,m_all,,,female,-99.0,,0.0405644,0.0,0.0,0.0,0.0,1990.0,1990.0
1294,0.0,0.0,,latin_america_andean,m_all,,,female,-99.0,,0.0542657,0.0,0.0,0.0,0.0,1990.0,1990.0
1295,0.0,0.0,,europe_eastern,m_all,,,female,-99.0,,0.0176801,0.0,0.0,0.0,0.0,1990.0,1990.0
1296,0.0,0.0,,europe_central,m_all,,,female,-99.0,,0.0158321,0.0,0.0,0.0,0.0,1990.0,1990.0
1297,0.0,0.0,,sub-saharan_africa_central,m_all,,,female,-99.0,,0.1326351,0.0,0.0,0.0,0.0,1990.0,1990.0
1298,0.0,0.0,,caribbean,m_all,,,female,-99.0,,0.0526802,0.0,0.0,0.0,0.0,1990.0,1990.0
1299,0.0,0.0,,australasia,m_all,,,female,-99.0,,0.0073137,0.0,0.0,0.0,0.0,1990.0,1990.0
1300,0.0,0.0,,oceania,m_all,,,female,-99.0,,0.0599083,0.0,0.0,0.0,0.0,1990.0,1990.0
1301,0.0,0.0,,sub-saharan_africa_southern,m_all,,,female,-99.0,,0.0484557,0.0,0.0,0.0,0.0,1990.0,1990.0
1302,0.0,0.0,,asia_pacific_high_income,m_all,,,female,-99.0,,0.0052322,0.0,0.0,0.0,0.0,1990.0,1990.0
1303,0.0,0.0,,sub-saharan_africa_east,m_all,,,female,-99.0,,0.1189867,0.0,0.0,0.0,0.0,1990.0,1990.0
1304,0.0,0.0,,asia_central,m_all,,,female,-99.0,,0.0495904,0.0,0.0,0.0,0.0,1990.0,1990.0
1305,0.0,0.0,,asia_east,m_all,,,female,-99.0,,0.0309043,0.0,0.0,0.0,0.0,1990.0,1990.0
1306,0.0,0.0,,north_africa_middle_east,m_all,,,female,-99.0,,0.056494,0.0,0.0,0.0,0.0,1990.0,1990.0
1307,0.0,0.0,,latin_america_southern,m_all,,,female,-99.0,,0.0198546,0.0,0.0,0.0,0.0,1990.0,1990.0
1308,0.0,0.0,,asia_south,m_all,,,female,-99.0,,0.1029169,0.0,0.0,0.0,0.0,1990.0,1990.0
1309,0.0,0.0,,north_america_high_income,m_all,,,female,-99.0,,0.0084186,0.0,0.0,0.0,0.0,1990.0,1990.0
1310,0.0,0.0,,europe_western,m_all,,,female,-99.0,,0.0070306,0.0,0.0,0.0,0.0,1990.0,1990.0
1311,4.0,1.0,,north_america_high_income,m_all,,,female,-99.0,,0.0004181,0.0,0.0,0.0,0.0,1990.0,1990.0
1312,4.0,1.0,,sub-saharan_africa_southern,m_all,,,female,-99.0,,0.0038872,0.0,0.0,0.0,0.0,1990.0,1990.0
1313,4.0,1.0,,latin_america_andean,m_all,,,female,-99.0,,0.0050096,0.0,0.0,0.0,0.0,1990.0,1990.0
1314,4.0,1.0,,latin_america_southern,m_all,,,female,-99.0,,0.0008696,0.0,0.0,0.0,0.0,1990.0,1990.0
1315,4.0,1.0,,sub-saharan_africa_east,m_all,,,female,-99.0,,0.013881,0.0,0.0,0.0,0.0,1990.0,1990.0
1316,4.0,1.0,,caribbean,m_all,,,female,-99.0,,0.0034402,0.0,0.0,0.0,0.0,1990.0,1990.0
1317,4.0,1.0,,australasia,m_all,,,female,-99.0,,0.0003702,0.0,0.0,0.0,0.0,1990.0,1990.0
1318,4.0,1.0,,asia_south,m_all,,,female,-99.0,,0.0068074,0.0,0.0,0.0,0.0,1990.0,1990.0
1319,4.0,1.0,,europe_eastern,m_all,,,female,-99.0,,0.0011463,0.0,0.0,0.0,0.0,1990.0,1990.0
1320,4.0,1.0,,asia_east,m_all,,,female,-99.0,,0.0019462,0.0,0.0,0.0,0.0,1990.0,1990.0
1321,4.0,1.0,,sub-saharan_africa_central,m_all,,,female,-99.0,,0.0162568,0.0,0.0,0.0,0.0,1990.0,1990.0
1322,4.0,1.0,,oceania,m_all,,,female,-99.0,,0.0038149,0.0,0.0,0.0,0.0,1990.0,1990.0
1323,4.0,1.0,,europe_central,m_all,,,female,-99.0,,0.000717,0.0,0.0,0.0,0.0,1990.0,1990.0
1324,4.0,1.0,,asia_pacific_high_income,m_all,,,female,-99.0,,0.0004258,0.0,0.0,0.0,0.0,1990.0,1990.0
1325,4.0,1.0,,sub-saharan_africa_west,m_all,,,female,-99.0,,0.0183739,0.0,0.0,0.0,0.0,1990.0,1990.0
1326,4.0,1.0,,asia_central,m_all,,,female,-99.0,,0.004176,0.0,0.0,0.0,0.0,1990.0,1990.0
1327,4.0,1.0,,latin_america_tropical,m_all,,,female,-99.0,,0.0019374,0.0,0.0,0.0,0.0,1990.0,1990.0
1328,4.0,1.0,,north_africa_middle_east,m_all,,,female,-99.0,,0.0045152,0.0,0.0,0.0,0.0,1990.0,1990.0
1329,4.0,1.0,,latin_america_central,m_all,,,female,-99.0,,0.0027648,0.0,0.0,0.0,0.0,1990.0,1990.0
1330,4.0,1.0,,asia_southeast,m_all,,,female,-99.0,,0.0040537,0.0,0.0,0.0,0.0,1990.0,1990.0
1331,9.0,5.0,,north_america_high_income,m_all,,,female,-99.0,,0.0001944,0.0,0.0,0.0,0.0,1990.0,1990.0
1332,9.0,5.0,,europe_western,m_all,,,female,-99.0,,0.0001717,0.0,0.0,0.0,0.0,1990.0,1990.0
1333,9.0,5.0,,asia_east,m_all,,,female,-99.0,,0.0005132,0.0,0.0,0.0,0.0,1990.0,1990.0
1334,9.0,5.0,,caribbean,m_all,,,female,-99.0,,0.0007577,0.0,0.0,0.0,0.0,1990.0,1990.0
1335,9.0,5.0,,sub-saharan_africa_southern,m_all,,,female,-99.0,,0.0008519,0.0,0.0,0.0,0.0,1990.0,1990.0
1336,9.0,5.0,,sub-saharan_africa_east,m_all,,,female,-99.0,,0.0021147,0.0,0.0,0.0,0.0,1990.0,1990.0
1337,9.0,5.0,,sub-saharan_africa_central,m_all,,,female,-99.0,,0.0023405,0.0,0.0,0.0,0.0,1990.0,1990.0
1338,9.0,5.0,,north_africa_middle_east,m_all,,,female,-99.0,,0.0008196,0.0,0.0,0.0,0.0,1990.0,1990.0
1339,9.0,5.0,,asia_pacific_high_income,m_all,,,female,-99.0,,0.0002219,0.0,0.0,0.0,0.0,1990.0,1990.0
1340,9.0,5.0,,oceania,m_all,,,female,-99.0,,0.0008565,0.0,0.0,0.0,0.0,1990.0,1990.0
1341,9.0,5.0,,australasia,m_all,,,female,-99.0,,0.0001664,0.0,0.0,0.0,0.0,1990.0,1990.0
1342,9.0,5.0,,asia_south,m_all,,,female,-99.0,,0.0025019,0.0,0.0,0.0,0.0,1990.0,1990.0
1343,9.0,5.0,,sub-saharan_africa_west,m_all,,,female,-99.0,,0.0025367,0.0,0.0,0.0,0.0,1990.0,1990.0
1344,9.0,5.0,,latin_america_central,m_all,,,female,-99.0,,0.0005353,0.0,0.0,0.0,0.0,1990.0,1990.0
1345,9.0,5.0,,latin_america_southern,m_all,,,female,-99.0,,0.0002771,0.0,0.0,0.0,0.0,1990.0,1990.0
1346,9.0,5.0,,europe_central,m_all,,,female,-99.0,,0.000279,0.0,0.0,0.0,0.0,1990.0,1990.0
1347,9.0,5.0,,asia_southeast,m_all,,,female,-99.0,,0.0008626,0.0,0.0,0.0,0.0,1990.0,1990.0
1348,9.0,5.0,,latin_america_tropical,m_all,,,female,-99.0,,0.0003237,0.0,0.0,0.0,0.0,1990.0,1990.0
1349,9.0,5.0,,europe_eastern,m_all,,,female,-99.0,,0.000455,0.0,0.0,0.0,0.0,1990.0,1990.0
1350,9.0,5.0,,asia_central,m_all,,,female,-99.0,,0.0008098,0.0,0.0,0.0,0.0,1990.0,1990.0
1351,14.0,10.0,,asia_pacific_high_income,m_all,,,female,-99.0,,0.0001794,0.0,0.0,0.0,0.0,1990.0,1990.0
1352,14.0,10.0,,north_africa_middle_east,m_all,,,female,-99.0,,0.0006218,0.0,0.0,0.0,0.0,1990.0,1990.0
1353,14.0,10.0,,oceania,m_all,,,female,-99.0,,0.0009889,0.0,0.0,0.0,0.0,1990.0,1990.0
1354,14.0,10.0,,sub-saharan_africa_southern,m_all,,,female,-99.0,,0.0006254,0.0,0.0,0.0,0.0,1990.0,1990.0
1355,14.0,10.0,,asia_south,m_all,,,female,-99.0,,0.001406,0.0,0.0,0.0,0.0,1990.0,1990.0
1356,14.0,10.0,,latin_america_central,m_all,,,female,-99.0,,0.0004056,0.0,0.0,0.0,0.0,1990.0,1990.0
1357,14.0,10.0,,latin_america_southern,m_all,,,female,-99.0,,0.0002602,0.0,0.0,0.0,0.0,1990.0,1990.0
1358,14.0,10.0,,europe_central,m_all,,,female,-99.0,,0.0002329,0.0,0.0,0.0,0.0,1990.0,1990.0
1359,14.0,10.0,,australasia,m_all,,,female,-99.0,,0.0001562,0.0,0.0,0.0,0.0,1990.0,1990.0
1360,14.0,10.0,,sub-saharan_africa_west,m_all,,,female,-99.0,,0.0013201,0.0,0.0,0.0,0.0,1990.0,1990.0
1361,14.0,10.0,,latin_america_tropical,m_all,,,female,-99.0,,0.0003128,0.0,0.0,0.0,0.0,1990.0,1990.0
1362,14.0,10.0,,caribbean,m_all,,,female,-99.0,,0.0006104,0.0,0.0,0.0,0.0,1990.0,1990.0
1363,14.0,10.0,,asia_central,m_all,,,female,-99.0,,0.0005683,0.0,0.0,0.0,0.0,1990.0,1990.0
1364,14.0,10.0,,europe_western,m_all,,,female,-99.0,,0.0001614,0.0,0.0,0.0,0.0,1990.0,1990.0
1365,14.0,10.0,,asia_southeast,m_all,,,female,-99.0,,0.0006205,0.0,0.0,0.0,0.0,1990.0,1990.0
1366,14.0,10.0,,sub-saharan_africa_central,m_all,,,female,-99.0,,0.0015053,0.0,0.0,0.0,0.0,1990.0,1990.0
1367,14.0,10.0,,sub-saharan_africa_east,m_all,,,female,-99.0,,0.0015234,0.0,0.0,0.0,0.0,1990.0,1990.0
1368,14.0,10.0,,latin_america_andean,m_all,,,female,-99.0,,0.0006222,0.0,0.0,0.0,0.0,1990.0,1990.0
1369,14.0,10.0,,europe_eastern,m_all,,,female,-99.0,,0.0003295,0.0,0.0,0.0,0.0,1990.0,1990.0
1370,14.0,10.0,,asia_east,m_all,,,female,-99.0,,0.0004614,0.0,0.0,0.0,0.0,1990.0,1990.0
1371,19.0,15.0,,sub-saharan_africa_central,m_all,,,female,-99.0,,0.0023813,0.0,0.0,0.0,0.0,1990.0,1990.0
1372,19.0,15.0,,asia_central,m_all,,,female,-99.0,,0.0008905,0.0,0.0,0.0,0.0,1990.0,1990.0
1373,19.0,15.0,,sub-saharan_africa_west,m_all,,,female,-99.0,,0.0017619,0.0,0.0,0.0,0.0,1990.0,1990.0
1374,19.0,15.0,,latin_america_tropical,m_all,,,female,-99.0,,0.000554,0.0,0.0,0.0,0.0,1990.0,1990.0
1375,19.0,15.0,,sub-saharan_africa_east,m_all,,,female,-99.0,,0.0024125,0.0,0.0,0.0,0.0,1990.0,1990.0
1376,19.0,15.0,,asia_south,m_all,,,female,-99.0,,0.0022711,0.0,0.0,0.0,0.0,1990.0,1990.0
1377,19.0,15.0,,australasia,m_all,,,female,-99.0,,0.0004014,0.0,0.0,0.0,0.0,1990.0,1990.0
1378,19.0,15.0,,asia_pacific_high_income,m_all,,,female,-99.0,,0.0003145,0.0,0.0,0.0,0.0,1990.0,1990.0
1379,19.0,15.0,,asia_east,m_all,,,female,-99.0,,0.0007645,0.0,0.0,0.0,0.0,1990.0,1990.0
1380,19.0,15.0,,asia_southeast,m_all,,,female,-99.0,,0.0009791,0.0,0.0,0.0,0.0,1990.0,1990.0
1381,19.0,15.0,,north_america_high_income,m_all,,,female,-99.0,,0.0004551,0.0,0.0,0.0,0.0,1990.0,1990.0
1382,19.0,15.0,,latin_america_southern,m_all,,,female,-99.0,,0.0004791,0.0,0.0,0.0,0.0,1990.0,1990.0
1383,19.0,15.0,,europe_central,m_all,,,female,-99.0,,0.0003911,0.0,0.0,0.0,0.0,1990.0,1990.0
1384,19.0,15.0,,caribbean,m_all,,,female,-99.0,,0.0009469,0.0,0.0,0.0,0.0,1990.0,1990.0
1385,19.0,15.0,,europe_western,m_all,,,female,-99.0,,0.0003082,0.0,0.0,0.0,0.0,1990.0,1990.0
1386,19.0,15.0,,oceania,m_all,,,female,-99.0,,0.001721,0.0,0.0,0.0,0.0,1990.0,1990.0
1387,19.0,15.0,,latin_america_central,m_all,,,female,-99.0,,0.0006289,0.0,0.0,0.0,0.0,1990.0,1990.0
1388,19.0,15.0,,latin_america_andean,m_all,,,female,-99.0,,0.000927,0.0,0.0,0.0,0.0,1990.0,1990.0
1389,19.0,15.0,,north_africa_middle_east,m_all,,,female,-99.0,,0.0009192,0.0,0.0,0.0,0.0,1990.0,1990.0
1390,19.0,15.0,,sub-saharan_africa_southern,m_all,,,female,-99.0,,0.0010488,0.0,0.0,0.0,0.0,1990.0,1990.0
1391,24.0,20.0,,asia_south,m_all,,,female,-99.0,,0.0029768,0.0,0.0,0.0,0.0,1990.0,1990.0
1392,24.0,20.0,,oceania,m_all,,,female,-99.0,,0.0024814,0.0,0.0,0.0,0.0,1990.0,1990.0
1393,24.0,20.0,,europe_western,m_all,,,female,-99.0,,0.0003843,0.0,0.0,0.0,0.0,1990.0,1990.0
1394,24.0,20.0,,europe_eastern,m_all,,,female,-99.0,,0.0006995,0.0,0.0,0.0,0.0,1990.0,1990.0
1395,24.0,20.0,,latin_america_tropical,m_all,,,female,-99.0,,0.0007274,0.0,0.0,0.0,0.0,1990.0,1990.0
1396,24.0,20.0,,asia_central,m_all,,,female,-99.0,,0.0012118,0.0,0.0,0.0,0.0,1990.0,1990.0
1397,24.0,20.0,,asia_pacific_high_income,m_all,,,female,-99.0,,0.0004275,0.0,0.0,0.0,0.0,1990.0,1990.0
1398,24.0,20.0,,north_america_high_income,m_all,,,female,-99.0,,0.0005116,0.0,0.0,0.0,0.0,1990.0,1990.0
1399,24.0,20.0,,sub-saharan_africa_east,m_all,,,female,-99.0,,0.0040257,0.0,0.0,0.0,0.0,1990.0,1990.0
1400,24.0,20.0,,europe_central,m_all,,,female,-99.0,,0.00047,0.0,0.0,0.0,0.0,1990.0,1990.0
1401,24.0,20.0,,latin_america_andean,m_all,,,female,-99.0,,0.0012497,0.0,0.0,0.0,0.0,1990.0,1990.0
1402,24.0,20.0,,caribbean,m_all,,,female,-99.0,,0.0012976,0.0,0.0,0.0,0.0,1990.0,1990.0
1403,24.0,20.0,,asia_east,m_all,,,female,-99.0,,0.0010045,0.0,0.0,0.0,0.0,1990.0,1990.0
1404,24.0,20.0,,north_africa_middle_east,m_all,,,female,-99.0,,0.0012382,0.0,0.0,0.0,0.0,1990.0,1990.0
1405,24.0,20.0,,australasia,m_all,,,female,-99.0,,0.0004759,0.0,0.0,0.0,0.0,1990.0,1990.0
1406,24.0,20.0,,asia_southeast,m_all,,,female,-99.0,,0.0013456,0.0,0.0,0.0,0.0,1990.0,1990.0
1407,24.0,20.0,,sub-saharan_africa_central,m_all,,,female,-99.0,,0.003857,0.0,0.0,0.0,0.0,1990.0,1990.0
1408,24.0,20.0,,latin_america_central,m_all,,,female,-99.0,,0.0008169,0.0,0.0,0.0,0.0,1990.0,1990.0
1409,24.0,20.0,,sub-saharan_africa_west,m_all,,,female,-99.0,,0.0026805,0.0,0.0,0.0,0.0,1990.0,1990.0
1410,24.0,20.0,,latin_america_southern,m_all,,,female,-99.0,,0.0005723,0.0,0.0,0.0,0.0,1990.0,1990.0
1411,29.0,25.0,,sub-saharan_africa_central,m_all,,,female,-99.0,,0.0049403,0.0,0.0,0.0,0.0,1990.0,1990.0
1412,29.0,25.0,,latin_america_tropical,m_all,,,female,-99.0,,0.0008914,0.0,0.0,0.0,0.0,1990.0,1990.0
1413,29.0,25.0,,sub-saharan_africa_east,m_all,,,female,-99.0,,0.005297,0.0,0.0,0.0,0.0,1990.0,1990.0
1414,29.0,25.0,,asia_east,m_all,,,female,-99.0,,0.0012205,0.0,0.0,0.0,0.0,1990.0,1990.0
1415,29.0,25.0,,europe_central,m_all,,,female,-99.0,,0.000569,0.0,0.0,0.0,0.0,1990.0,1990.0
1416,29.0,25.0,,latin_america_andean,m_all,,,female,-99.0,,0.0014716,0.0,0.0,0.0,0.0,1990.0,1990.0
1417,29.0,25.0,,europe_western,m_all,,,female,-99.0,,0.0004432,0.0,0.0,0.0,0.0,1990.0,1990.0
1418,29.0,25.0,,asia_central,m_all,,,female,-99.0,,0.0014403,0.0,0.0,0.0,0.0,1990.0,1990.0
1419,29.0,25.0,,latin_america_southern,m_all,,,female,-99.0,,0.0007012,0.0,0.0,0.0,0.0,1990.0,1990.0
1420,29.0,25.0,,australasia,m_all,,,female,-99.0,,0.0004844,0.0,0.0,0.0,0.0,1990.0,1990.0
1421,29.0,25.0,,sub-saharan_africa_west,m_all,,,female,-99.0,,0.0033188,0.0,0.0,0.0,0.0,1990.0,1990.0
1422,29.0,25.0,,latin_america_central,m_all,,,female,-99.0,,0.0010103,0.0,0.0,0.0,0.0,1990.0,1990.0
1423,29.0,25.0,,sub-saharan_africa_southern,m_all,,,female,-99.0,,0.002053,0.0,0.0,0.0,0.0,1990.0,1990.0
1424,29.0,25.0,,north_america_high_income,m_all,,,female,-99.0,,0.0006169,0.0,0.0,0.0,0.0,1990.0,1990.0
1425,29.0,25.0,,europe_eastern,m_all,,,female,-99.0,,0.0007863,0.0,0.0,0.0,0.0,1990.0,1990.0
1426,29.0,25.0,,north_africa_middle_east,m_all,,,female,-99.0,,0.0014984,0.0,0.0,0.0,0.0,1990.0,1990.0
1427,29.0,25.0,,caribbean,m_all,,,female,-99.0,,0.0015659,0.0,0.0,0.0,0.0,1990.0,1990.0
1428,29.0,25.0,,asia_south,m_all,,,female,-99.0,,0.0030041,0.0,0.0,0.0,0.0,1990.0,1990.0
1429,29.0,25.0,,asia_southeast,m_all,,,female,-99.0,,0.0016015,0.0,0.0,0.0,0.0,1990.0,1990.0
1430,29.0,25.0,,asia_pacific_high_income,m_all,,,female,-99.0,,0.000491,0.0,0.0,0.0,0.0,1990.0,1990.0
1431,34.0,30.0,,latin_america_tropical,m_all,,,female,-99.0,,0.0012303,0.0,0.0,0.0,0.0,1990.0,1990.0
1432,34.0,30.0,,asia_central,m_all,,,female,-99.0,,0.0017679,0.0,0.0,0.0,0.0,1990.0,1990.0
1433,34.0,30.0,,europe_eastern,m_all,,,female,-99.0,,0.0010509,0.0,0.0,0.0,0.0,1990.0,1990.0
1434,34.0,30.0,,latin_america_southern,m_all,,,female,-99.0,,0.0009711,0.0,0.0,0.0,0.0,1990.0,1990.0
1435,34.0,30.0,,europe_central,m_all,,,female,-99.0,,0.0008508,0.0,0.0,0.0,0.0,1990.0,1990.0
1436,34.0,30.0,,asia_southeast,m_all,,,female,-99.0,,0.0019592,0.0,0.0,0.0,0.0,1990.0,1990.0
1437,34.0,30.0,,latin_america_andean,m_all,,,female,-99.0,,0.0017721,0.0,0.0,0.0,0.0,1990.0,1990.0
1438,34.0,30.0,,australasia,m_all,,,female,-99.0,,0.000573,0.0,0.0,0.0,0.0,1990.0,1990.0
1439,34.0,30.0,,europe_western,m_all,,,female,-99.0,,0.0005973,0.0,0.0,0.0,0.0,1990.0,1990.0
1440,34.0,30.0,,north_africa_middle_east,m_all,,,female,-99.0,,0.0018354,0.0,0.0,0.0,0.0,1990.0,1990.0
1441,34.0,30.0,,oceania,m_all,,,female,-99.0,,0.0041074,0.0,0.0,0.0,0.0,1990.0,1990.0
1442,34.0,30.0,,asia_pacific_high_income,m_all,,,female,-99.0,,0.000646,0.0,0.0,0.0,0.0,1990.0,1990.0
1443,34.0,30.0,,asia_south,m_all,,,female,-99.0,,0.0031528,0.0,0.0,0.0,0.0,1990.0,1990.0
1444,34.0,30.0,,sub-saharan_africa_east,m_all,,,female,-99.0,,0.0061496,0.0,0.0,0.0,0.0,1990.0,1990.0
1445,34.0,30.0,,asia_east,m_all,,,female,-99.0,,0.0015636,0.0,0.0,0.0,0.0,1990.0,1990.0
1446,34.0,30.0,,north_america_high_income,m_all,,,female,-99.0,,0.0008151,0.0,0.0,0.0,0.0,1990.0,1990.0
1447,34.0,30.0,,sub-saharan_africa_central,m_all,,,female,-99.0,,0.0057272,0.0,0.0,0.0,0.0,1990.0,1990.0
1448,34.0,30.0,,sub-saharan_africa_southern,m_all,,,female,-99.0,,0.0025356,0.0,0.0,0.0,0.0,1990.0,1990.0
1449,34.0,30.0,,latin_america_central,m_all,,,female,-99.0,,0.0012537,0.0,0.0,0.0,0.0,1990.0,1990.0
1450,34.0,30.0,,sub-saharan_africa_west,m_all,,,female,-99.0,,0.003832,0.0,0.0,0.0,0.0,1990.0,1990.0
1451,39.0,35.0,,sub-saharan_africa_west,m_all,,,female,-99.0,,0.0048468,0.0,0.0,0.0,0.0,1990.0,1990.0
1452,39.0,35.0,,australasia,m_all,,,female,-99.0,,0.0007892,0.0,0.0,0.0,0.0,1990.0,1990.0
1453,39.0,35.0,,europe_eastern,m_all,,,female,-99.0,,0.0015413,0.0,0.0,0.0,0.0,1990.0,1990.0
1454,39.0,35.0,,asia_southeast,m_all,,,female,-99.0,,0.0026978,0.0,0.0,0.0,0.0,1990.0,1990.0
1455,39.0,35.0,,sub-saharan_africa_central,m_all,,,female,-99.0,,0.0073547,0.0,0.0,0.0,0.0,1990.0,1990.0
1456,39.0,35.0,,sub-saharan_africa_east,m_all,,,female,-99.0,,0.0079245,0.0,0.0,0.0,0.0,1990.0,1990.0
1457,39.0,35.0,,sub-saharan_africa_southern,m_all,,,female,-99.0,,0.0034112,0.0,0.0,0.0,0.0,1990.0,1990.0
1458,39.0,35.0,,asia_pacific_high_income,m_all,,,female,-99.0,,0.000847,0.0,0.0,0.0,0.0,1990.0,1990.0
1459,39.0,35.0,,europe_western,m_all,,,female,-99.0,,0.0008856,0.0,0.0,0.0,0.0,1990.0,1990.0
1460,39.0,35.0,,latin_america_andean,m_all,,,female,-99.0,,0.0023979,0.0,0.0,0.0,0.0,1990.0,1990.0
1461,39.0,35.0,,oceania,m_all,,,female,-99.0,,0.0066117,0.0,0.0,0.0,0.0,1990.0,1990.0
1462,39.0,35.0,,latin_america_central,m_all,,,female,-99.0,,0.0017621,0.0,0.0,0.0,0.0,1990.0,1990.0
1463,39.0,35.0,,europe_central,m_all,,,female,-99.0,,0.0013267,0.0,0.0,0.0,0.0,1990.0,1990.0
1464,39.0,35.0,,north_africa_middle_east,m_all,,,female,-99.0,,0.0025671,0.0,0.0,0.0,0.0,1990.0,1990.0
1465,39.0,35.0,,asia_central,m_all,,,female,-99.0,,0.0024451,0.0,0.0,0.0,0.0,1990.0,1990.0
1466,39.0,35.0,,latin_america_tropical,m_all,,,female,-99.0,,0.001738,0.0,0.0,0.0,0.0,1990.0,1990.0
1467,39.0,35.0,,asia_south,m_all,,,female,-99.0,,0.0037197,0.0,0.0,0.0,0.0,1990.0,1990.0
1468,39.0,35.0,,caribbean,m_all,,,female,-99.0,,0.0026932,0.0,0.0,0.0,0.0,1990.0,1990.0
1469,39.0,35.0,,latin_america_southern,m_all,,,female,-99.0,,0.0014761,0.0,0.0,0.0,0.0,1990.0,1990.0
1470,39.0,35.0,,asia_east,m_all,,,female,-99.0,,0.0023211,0.0,0.0,0.0,0.0,1990.0,1990.0
1471,44.0,40.0,,oceania,m_all,,,female,-99.0,,0.0079093,0.0,0.0,0.0,0.0,1990.0,1990.0
1472,44.0,40.0,,sub-saharan_africa_west,m_all,,,female,-99.0,,0.0054756,0.0,0.0,0.0,0.0,1990.0,1990.0
1473,44.0,40.0,,caribbean,m_all,,,female,-99.0,,0.0034708,0.0,0.0,0.0,0.0,1990.0,1990.0
1474,44.0,40.0,,europe_eastern,m_all,,,female,-99.0,,0.0023834,0.0,0.0,0.0,0.0,1990.0,1990.0
1475,44.0,40.0,,asia_pacific_high_income,m_all,,,female,-99.0,,0.001237,0.0,0.0,0.0,0.0,1990.0,1990.0
1476,44.0,40.0,,latin_america_andean,m_all,,,female,-99.0,,0.0030631,0.0,0.0,0.0,0.0,1990.0,1990.0
1477,44.0,40.0,,asia_central,m_all,,,female,-99.0,,0.0031691,0.0,0.0,0.0,0.0,1990.0,1990.0
1478,44.0,40.0,,latin_america_southern,m_all,,,female,-99.0,,0.0021536,0.0,0.0,0.0,0.0,1990.0,1990.0
1479,44.0,40.0,,north_america_high_income,m_all,,,female,-99.0,,0.0016062,0.0,0.0,0.0,0.0,1990.0,1990.0
1480,44.0,40.0,,latin_america_central,m_all,,,female,-99.0,,0.002445,0.0,0.0,0.0,0.0,1990.0,1990.0
1481,44.0,40.0,,north_africa_middle_east,m_all,,,female,-99.0,,0.0033746,0.0,0.0,0.0,0.0,1990.0,1990.0
1482,44.0,40.0,,australasia,m_all,,,female,-99.0,,0.0012289,0.0,0.0,0.0,0.0,1990.0,1990.0
1483,44.0,40.0,,europe_central,m_all,,,female,-99.0,,0.002115,0.0,0.0,0.0,0.0,1990.0,1990.0
1484,44.0,40.0,,europe_western,m_all,,,female,-99.0,,0.0013519,0.0,0.0,0.0,0.0,1990.0,1990.0
1485,44.0,40.0,,asia_south,m_all,,,female,-99.0,,0.0045907,0.0,0.0,0.0,0.0,1990.0,1990.0
1486,44.0,40.0,,sub-saharan_africa_southern,m_all,,,female,-99.0,,0.0042138,0.0,0.0,0.0,0.0,1990.0,1990.0
1487,44.0,40.0,,asia_east,m_all,,,female,-99.0,,0.003126,0.0,0.0,0.0,0.0,1990.0,1990.0
1488,44.0,40.0,,latin_america_tropical,m_all,,,female,-99.0,,0.0025779,0.0,0.0,0.0,0.0,1990.0,1990.0
1489,44.0,40.0,,asia_southeast,m_all,,,female,-99.0,,0.0034478,0.0,0.0,0.0,0.0,1990.0,1990.0
1490,44.0,40.0,,sub-saharan_africa_central,m_all,,,female,-99.0,,0.0077066,0.0,0.0,0.0,0.0,1990.0,1990.0
1491,49.0,45.0,,asia_east,m_all,,,female,-99.0,,0.004511,0.0,0.0,0.0,0.0,1990.0,1990.0
1492,49.0,45.0,,asia_southeast,m_all,,,female,-99.0,,0.0048263,0.0,0.0,0.0,0.0,1990.0,1990.0
1493,49.0,45.0,,latin_america_southern,m_all,,,female,-99.0,,0.0032088,0.0,0.0,0.0,0.0,1990.0,1990.0
1494,49.0,45.0,,latin_america_tropical,m_all,,,female,-99.0,,0.0038666,0.0,0.0,0.0,0.0,1990.0,1990.0
1495,49.0,45.0,,north_africa_middle_east,m_all,,,female,-99.0,,0.0046617,0.0,0.0,0.0,0.0,1990.0,1990.0
1496,49.0,45.0,,oceania,m_all,,,female,-99.0,,0.0105099,0.0,0.0,0.0,0.0,1990.0,1990.0
1497,49.0,45.0,,asia_pacific_high_income,m_all,,,female,-99.0,,0.0019395,0.0,0.0,0.0,0.0,1990.0,1990.0
1498,49.0,45.0,,europe_western,m_all,,,female,-99.0,,0.0021649,0.0,0.0,0.0,0.0,1990.0,1990.0
1499,49.0,45.0,,sub-saharan_africa_central,m_all,,,female,-99.0,,0.0088812,0.0,0.0,0.0,0.0,1990.0,1990.0
1500,49.0,45.0,,latin_america_andean,m_all,,,female,-99.0,,0.0040249,0.0,0.0,0.0,0.0,1990.0,1990.0
1501,49.0,45.0,,australasia,m_all,,,female,-99.0,,0.0020364,0.0,0.0,0.0,0.0,1990.0,1990.0
1502,49.0,45.0,,sub-saharan_africa_east,m_all,,,female,-99.0,,0.0096462,0.0,0.0,0.0,0.0,1990.0,1990.0
1503,49.0,45.0,,sub-saharan_africa_southern,m_all,,,female,-99.0,,0.00579,0.0,0.0,0.0,0.0,1990.0,1990.0
1504,49.0,45.0,,asia_central,m_all,,,female,-99.0,,0.0044311,0.0,0.0,0.0,0.0,1990.0,1990.0
1505,49.0,45.0,,north_america_high_income,m_all,,,female,-99.0,,0.0025929,0.0,0.0,0.0,0.0,1990.0,1990.0
1506,49.0,45.0,,sub-saharan_africa_west,m_all,,,female,-99.0,,0.0068248,0.0,0.0,0.0,0.0,1990.0,1990.0
1507,49.0,45.0,,latin_america_central,m_all,,,female,-99.0,,0.0035558,0.0,0.0,0.0,0.0,1990.0,1990.0
1508,49.0,45.0,,europe_eastern,m_all,,,female,-99.0,,0.0036303,0.0,0.0,0.0,0.0,1990.0,1990.0
1509,49.0,45.0,,asia_south,m_all,,,female,-99.0,,0.0061393,0.0,0.0,0.0,0.0,1990.0,1990.0
1510,49.0,45.0,,caribbean,m_all,,,female,-99.0,,0.0049154,0.0,0.0,0.0,0.0,1990.0,1990.0
1511,54.0,50.0,,latin_america_andean,m_all,,,female,-99.0,,0.0057718,0.0,0.0,0.0,0.0,1990.0,1990.0
1512,54.0,50.0,,north_america_high_income,m_all,,,female,-99.0,,0.0041839,0.0,0.0,0.0,0.0,1990.0,1990.0
1513,54.0,50.0,,asia_southeast,m_all,,,female,-99.0,,0.0071162,0.0,0.0,0.0,0.0,1990.0,1990.0
1514,54.0,50.0,,latin_america_tropical,m_all,,,female,-99.0,,0.0055902,0.0,0.0,0.0,0.0,1990.0,1990.0
1515,54.0,50.0,,asia_south,m_all,,,female,-99.0,,0.0097452,0.0,0.0,0.0,0.0,1990.0,1990.0
1516,54.0,50.0,,asia_pacific_high_income,m_all,,,female,-99.0,,0.0029811,0.0,0.0,0.0,0.0,1990.0,1990.0
1517,54.0,50.0,,latin_america_central,m_all,,,female,-99.0,,0.0054076,0.0,0.0,0.0,0.0,1990.0,1990.0
1518,54.0,50.0,,oceania,m_all,,,female,-99.0,,0.0155007,0.0,0.0,0.0,0.0,1990.0,1990.0
1519,54.0,50.0,,sub-saharan_africa_central,m_all,,,female,-99.0,,0.0117643,0.0,0.0,0.0,0.0,1990.0,1990.0
1520,54.0,50.0,,latin_america_southern,m_all,,,female,-99.0,,0.0046801,0.0,0.0,0.0,0.0,1990.0,1990.0
1521,54.0,50.0,,caribbean,m_all,,,female,-99.0,,0.0072561,0.0,0.0,0.0,0.0,1990.0,1990.0
1522,54.0,50.0,,europe_central,m_all,,,female,-99.0,,0.0049934,0.0,0.0,0.0,0.0,1990.0,1990.0
1523,54.0,50.0,,sub-saharan_africa_west,m_all,,,female,-99.0,,0.0095014,0.0,0.0,0.0,0.0,1990.0,1990.0
1524,54.0,50.0,,australasia,m_all,,,female,-99.0,,0.0033798,0.0,0.0,0.0,0.0,1990.0,1990.0
1525,54.0,50.0,,sub-saharan_africa_southern,m_all,,,female,-99.0,,0.0085161,0.0,0.0,0.0,0.0,1990.0,1990.0
1526,54.0,50.0,,europe_western,m_all,,,female,-99.0,,0.003275,0.0,0.0,0.0,0.0,1990.0,1990.0
1527,54.0,50.0,,europe_eastern,m_all,,,female,-99.0,,0.0054349,0.0,0.0,0.0,0.0,1990.0,1990.0
1528,54.0,50.0,,north_africa_middle_east,m_all,,,female,-99.0,,0.0068379,0.0,0.0,0.0,0.0,1990.0,1990.0
1529,54.0,50.0,,asia_central,m_all,,,female,-99.0,,0.0066155,0.0,0.0,0.0,0.0,1990.0,1990.0
1530,54.0,50.0,,asia_east,m_all,,,female,-99.0,,0.0067903,0.0,0.0,0.0,0.0,1990.0,1990.0
1531,59.0,55.0,,oceania,m_all,,,female,-99.0,,0.0216024,0.0,0.0,0.0,0.0,1990.0,1990.0
1532,59.0,55.0,,europe_western,m_all,,,female,-99.0,,0.005105,0.0,0.0,0.0,0.0,1990.0,1990.0
1533,59.0,55.0,,latin_america_andean,m_all,,,female,-99.0,,0.0081445,0.0,0.0,0.0,0.0,1990.0,1990.0
1534,59.0,55.0,,caribbean,m_all,,,female,-99.0,,0.0105054,0.0,0.0,0.0,0.0,1990.0,1990.0
1535,59.0,55.0,,asia_southeast,m_all,,,female,-99.0,,0.0100504,0.0,0.0,0.0,0.0,1990.0,1990.0
1536,59.0,55.0,,north_america_high_income,m_all,,,female,-99.0,,0.006649,0.0,0.0,0.0,0.0,1990.0,1990.0
1537,59.0,55.0,,asia_east,m_all,,,female,-99.0,,0.0099793,0.0,0.0,0.0,0.0,1990.0,1990.0
1538,59.0,55.0,,australasia,m_all,,,female,-99.0,,0.0052417,0.0,0.0,0.0,0.0,1990.0,1990.0
1539,59.0,55.0,,latin_america_tropical,m_all,,,female,-99.0,,0.0084054,0.0,0.0,0.0,0.0,1990.0,1990.0
1540,59.0,55.0,,sub-saharan_africa_central,m_all,,,female,-99.0,,0.0152386,0.0,0.0,0.0,0.0,1990.0,1990.0
1541,59.0,55.0,,europe_central,m_all,,,female,-99.0,,0.0078144,0.0,0.0,0.0,0.0,1990.0,1990.0
1542,59.0,55.0,,asia_south,m_all,,,female,-99.0,,0.014449,0.0,0.0,0.0,0.0,1990.0,1990.0
1543,59.0,55.0,,sub-saharan_africa_east,m_all,,,female,-99.0,,0.0168675,0.0,0.0,0.0,0.0,1990.0,1990.0
1544,59.0,55.0,,latin_america_central,m_all,,,female,-99.0,,0.0077107,0.0,0.0,0.0,0.0,1990.0,1990.0
1545,59.0,55.0,,sub-saharan_africa_west,m_all,,,female,-99.0,,0.0128127,0.0,0.0,0.0,0.0,1990.0,1990.0
1546,59.0,55.0,,europe_eastern,m_all,,,female,-99.0,,0.0084593,0.0,0.0,0.0,0.0,1990.0,1990.0
1547,59.0,55.0,,north_africa_middle_east,m_all,,,female,-99.0,,0.0097687,0.0,0.0,0.0,0.0,1990.0,1990.0
1548,59.0,55.0,,latin_america_southern,m_all,,,female,-99.0,,0.0068984,0.0,0.0,0.0,0.0,1990.0,1990.0
1549,59.0,55.0,,asia_pacific_high_income,m_all,,,female,-99.0,,0.0043344,0.0,0.0,0.0,0.0,1990.0,1990.0
1550,59.0,55.0,,asia_central,m_all,,,female,-99.0,,0.0095502,0.0,0.0,0.0,0.0,1990.0,1990.0
1551,64.0,60.0,,latin_america_central,m_all,,,female,-99.0,,0.0116403,0.0,0.0,0.0,0.0,1990.0,1990.0
1552,64.0,60.0,,europe_central,m_all,,,female,-99.0,,0.0126054,0.0,0.0,0.0,0.0,1990.0,1990.0
1553,64.0,60.0,,caribbean,m_all,,,female,-99.0,,0.0162116,0.0,0.0,0.0,0.0,1990.0,1990.0
1554,64.0,60.0,,north_america_high_income,m_all,,,female,-99.0,,0.0103133,0.0,0.0,0.0,0.0,1990.0,1990.0
1555,64.0,60.0,,latin_america_southern,m_all,,,female,-99.0,,0.0105024,0.0,0.0,0.0,0.0,1990.0,1990.0
1556,64.0,60.0,,asia_southeast,m_all,,,female,-99.0,,0.0162684,0.0,0.0,0.0,0.0,1990.0,1990.0
1557,64.0,60.0,,asia_south,m_all,,,female,-99.0,,0.0245142,0.0,0.0,0.0,0.0,1990.0,1990.0
1558,64.0,60.0,,europe_eastern,m_all,,,female,-99.0,,0.0133788,0.0,0.0,0.0,0.0,1990.0,1990.0
1559,64.0,60.0,,sub-saharan_africa_west,m_all,,,female,-99.0,,0.0211549,0.0,0.0,0.0,0.0,1990.0,1990.0
1560,64.0,60.0,,sub-saharan_africa_east,m_all,,,female,-99.0,,0.0270508,0.0,0.0,0.0,0.0,1990.0,1990.0
1561,64.0,60.0,,sub-saharan_africa_southern,m_all,,,female,-99.0,,0.0193204,0.0,0.0,0.0,0.0,1990.0,1990.0
1562,64.0,60.0,,australasia,m_all,,,female,-99.0,,0.0084643,0.0,0.0,0.0,0.0,1990.0,1990.0
1563,64.0,60.0,,asia_east,m_all,,,female,-99.0,,0.0159136,0.0,0.0,0.0,0.0,1990.0,1990.0
1564,64.0,60.0,,latin_america_andean,m_all,,,female,-99.0,,0.0132673,0.0,0.0,0.0,0.0,1990.0,1990.0
1565,64.0,60.0,,asia_central,m_all,,,female,-99.0,,0.0154037,0.0,0.0,0.0,0.0,1990.0,1990.0
1566,64.0,60.0,,europe_western,m_all,,,female,-99.0,,0.0081906,0.0,0.0,0.0,0.0,1990.0,1990.0
1567,64.0,60.0,,oceania,m_all,,,female,-99.0,,0.0336279,0.0,0.0,0.0,0.0,1990.0,1990.0
1568,64.0,60.0,,latin_america_tropical,m_all,,,female,-99.0,,0.0125121,0.0,0.0,0.0,0.0,1990.0,1990.0
1569,64.0,60.0,,asia_pacific_high_income,m_all,,,female,-99.0,,0.0066152,0.0,0.0,0.0,0.0,1990.0,1990.0
1570,64.0,60.0,,north_africa_middle_east,m_all,,,female,-99.0,,0.0158871,0.0,0.0,0.0,0.0,1990.0,1990.0
1571,69.0,65.0,,asia_pacific_high_income,m_all,,,female,-99.0,,0.0109592,0.0,0.0,0.0,0.0,1990.0,1990.0
1572,69.0,65.0,,europe_western,m_all,,,female,-99.0,,0.0136577,0.0,0.0,0.0,0.0,1990.0,1990.0
1573,69.0,65.0,,sub-saharan_africa_central,m_all,,,female,-99.0,,0.0347988,0.0,0.0,0.0,0.0,1990.0,1990.0
1574,69.0,65.0,,latin_america_tropical,m_all,,,female,-99.0,,0.0191431,0.0,0.0,0.0,0.0,1990.0,1990.0
1575,69.0,65.0,,asia_central,m_all,,,female,-99.0,,0.0239893,0.0,0.0,0.0,0.0,1990.0,1990.0
1576,69.0,65.0,,north_america_high_income,m_all,,,female,-99.0,,0.0156105,0.0,0.0,0.0,0.0,1990.0,1990.0
1577,69.0,65.0,,latin_america_andean,m_all,,,female,-99.0,,0.0201533,0.0,0.0,0.0,0.0,1990.0,1990.0
1578,69.0,65.0,,asia_east,m_all,,,female,-99.0,,0.0256383,0.0,0.0,0.0,0.0,1990.0,1990.0
1579,69.0,65.0,,asia_southeast,m_all,,,female,-99.0,,0.0248471,0.0,0.0,0.0,0.0,1990.0,1990.0
1580,69.0,65.0,,latin_america_central,m_all,,,female,-99.0,,0.017249,0.0,0.0,0.0,0.0,1990.0,1990.0
1581,69.0,65.0,,north_africa_middle_east,m_all,,,female,-99.0,,0.0249526,0.0,0.0,0.0,0.0,1990.0,1990.0
1582,69.0,65.0,,europe_central,m_all,,,female,-99.0,,0.0214095,0.0,0.0,0.0,0.0,1990.0,1990.0
1583,69.0,65.0,,sub-saharan_africa_east,m_all,,,female,-99.0,,0.039072,0.0,0.0,0.0,0.0,1990.0,1990.0
1584,69.0,65.0,,caribbean,m_all,,,female,-99.0,,0.0248234,0.0,0.0,0.0,0.0,1990.0,1990.0
1585,69.0,65.0,,sub-saharan_africa_southern,m_all,,,female,-99.0,,0.0293958,0.0,0.0,0.0,0.0,1990.0,1990.0
1586,69.0,65.0,,australasia,m_all,,,female,-99.0,,0.0136805,0.0,0.0,0.0,0.0,1990.0,1990.0
1587,69.0,65.0,,oceania,m_all,,,female,-99.0,,0.050794,0.0,0.0,0.0,0.0,1990.0,1990.0
1588,69.0,65.0,,latin_america_southern,m_all,,,female,-99.0,,0.0160913,0.0,0.0,0.0,0.0,1990.0,1990.0
1589,69.0,65.0,,sub-saharan_africa_west,m_all,,,female,-99.0,,0.0307594,0.0,0.0,0.0,0.0,1990.0,1990.0
1590,69.0,65.0,,asia_south,m_all,,,female,-99.0,,0.0361176,0.0,0.0,0.0,0.0,1990.0,1990.0
1591,74.0,70.0,,australasia,m_all,,,female,-99.0,,0.0231618,0.0,0.0,0.0,0.0,1990.0,1990.0
1592,74.0,70.0,,latin_america_central,m_all,,,female,-99.0,,0.0270222,0.0,0.0,0.0,0.0,1990.0,1990.0
1593,74.0,70.0,,oceania,m_all,,,female,-99.0,,0.0778655,0.0,0.0,0.0,0.0,1990.0,1990.0
1594,74.0,70.0,,sub-saharan_africa_central,m_all,,,female,-99.0,,0.0551382,0.0,0.0,0.0,0.0,1990.0,1990.0
1595,74.0,70.0,,sub-saharan_africa_southern,m_all,,,female,-99.0,,0.0485264,0.0,0.0,0.0,0.0,1990.0,1990.0
1596,74.0,70.0,,europe_eastern,m_all,,,female,-99.0,,0.0368982,0.0,0.0,0.0,0.0,1990.0,1990.0
1597,74.0,70.0,,europe_western,m_all,,,female,-99.0,,0.0231807,0.0,0.0,0.0,0.0,1990.0,1990.0
1598,74.0,70.0,,latin_america_andean,m_all,,,female,-99.0,,0.0333003,0.0,0.0,0.0,0.0,1990.0,1990.0
1599,74.0,70.0,,caribbean,m_all,,,female,-99.0,,0.0379685,0.0,0.0,0.0,0.0,1990.0,1990.0
1600,74.0,70.0,,europe_central,m_all,,,female,-99.0,,0.0360448,0.0,0.0,0.0,0.0,1990.0,1990.0
1601,74.0,70.0,,latin_america_tropical,m_all,,,female,-99.0,,0.0317834,0.0,0.0,0.0,0.0,1990.0,1990.0
1602,74.0,70.0,,sub-saharan_africa_west,m_all,,,female,-99.0,,0.0489919,0.0,0.0,0.0,0.0,1990.0,1990.0
1603,74.0,70.0,,asia_pacific_high_income,m_all,,,female,-99.0,,0.0193991,0.0,0.0,0.0,0.0,1990.0,1990.0
1604,74.0,70.0,,asia_central,m_all,,,female,-99.0,,0.039771,0.0,0.0,0.0,0.0,1990.0,1990.0
1605,74.0,70.0,,asia_east,m_all,,,female,-99.0,,0.0437766,0.0,0.0,0.0,0.0,1990.0,1990.0
1606,74.0,70.0,,latin_america_southern,m_all,,,female,-99.0,,0.0265568,0.0,0.0,0.0,0.0,1990.0,1990.0
1607,74.0,70.0,,asia_southeast,m_all,,,female,-99.0,,0.0406524,0.0,0.0,0.0,0.0,1990.0,1990.0
1608,74.0,70.0,,sub-saharan_africa_east,m_all,,,female,-99.0,,0.0589975,0.0,0.0,0.0,0.0,1990.0,1990.0
1609,74.0,70.0,,north_africa_middle_east,m_all,,,female,-99.0,,0.0413451,0.0,0.0,0.0,0.0,1990.0,1990.0
1610,74.0,70.0,,north_america_high_income,m_all,,,female,-99.0,,0.0241448,0.0,0.0,0.0,0.0,1990.0,1990.0
1611,79.0,75.0,,north_america_high_income,m_all,,,female,-99.0,,0.0380027,0.0,0.0,0.0,0.0,1990.0,1990.0
1612,79.0,75.0,,asia_east,m_all,,,female,-99.0,,0.0714187,0.0,0.0,0.0,0.0,1990.0,1990.0
1613,79.0,75.0,,sub-saharan_africa_southern,m_all,,,female,-99.0,,0.0763329,0.0,0.0,0.0,0.0,1990.0,1990.0
1614,79.0,75.0,,europe_western,m_all,,,female,-99.0,,0.042038,0.0,0.0,0.0,0.0,1990.0,1990.0
1615,79.0,75.0,,asia_southeast,m_all,,,female,-99.0,,0.0625697,0.0,0.0,0.0,0.0,1990.0,1990.0
1616,79.0,75.0,,latin_america_southern,m_all,,,female,-99.0,,0.0469984,0.0,0.0,0.0,0.0,1990.0,1990.0
1617,79.0,75.0,,sub-saharan_africa_central,m_all,,,female,-99.0,,0.077273,0.0,0.0,0.0,0.0,1990.0,1990.0
1618,79.0,75.0,,asia_south,m_all,,,female,-99.0,,0.0797837,0.0,0.0,0.0,0.0,1990.0,1990.0
1619,79.0,75.0,,europe_eastern,m_all,,,female,-99.0,,0.0622578,0.0,0.0,0.0,0.0,1990.0,1990.0
1620,79.0,75.0,,latin_america_andean,m_all,,,female,-99.0,,0.0528723,0.0,0.0,0.0,0.0,1990.0,1990.0
1621,79.0,75.0,,asia_central,m_all,,,female,-99.0,,0.0622785,0.0,0.0,0.0,0.0,1990.0,1990.0
1622,79.0,75.0,,australasia,m_all,,,female,-99.0,,0.0397076,0.0,0.0,0.0,0.0,1990.0,1990.0
1623,79.0,75.0,,north_africa_middle_east,m_all,,,female,-99.0,,0.0655147,0.0,0.0,0.0,0.0,1990.0,1990.0
1624,79.0,75.0,,sub-saharan_africa_west,m_all,,,female,-99.0,,0.0721169,0.0,0.0,0.0,0.0,1990.0,1990.0
1625,79.0,75.0,,oceania,m_all,,,female,-99.0,,0.1131084,0.0,0.0,0.0,0.0,1990.0,1990.0
1626,79.0,75.0,,asia_pacific_high_income,m_all,,,female,-99.0,,0.035643,0.0,0.0,0.0,0.0,1990.0,1990.0
1627,79.0,75.0,,caribbean,m_all,,,female,-99.0,,0.0573367,0.0,0.0,0.0,0.0,1990.0,1990.0
1628,79.0,75.0,,latin_america_tropical,m_all,,,female,-99.0,,0.0521449,0.0,0.0,0.0,0.0,1990.0,1990.0
1629,79.0,75.0,,europe_central,m_all,,,female,-99.0,,0.063522,0.0,0.0,0.0,0.0,1990.0,1990.0
1630,79.0,75.0,,latin_america_central,m_all,,,female,-99.0,,0.0437073,0.0,0.0,0.0,0.0,1990.0,1990.0
1631,84.0,80.0,,sub-saharan_africa_west,m_all,,,female,-99.0,,0.1016874,0.0,0.0,0.0,0.0,1990.0,1990.0
1632,84.0,80.0,,asia_pacific_high_income,m_all,,,female,-99.0,,0.0691386,0.0,0.0,0.0,0.0,1990.0,1990.0
1633,84.0,80.0,,asia_east,m_all,,,female,-99.0,,0.1126235,0.0,0.0,0.0,0.0,1990.0,1990.0
1634,84.0,80.0,,asia_south,m_all,,,female,-99.0,,0.1131382,0.0,0.0,0.0,0.0,1990.0,1990.0
1635,84.0,80.0,,latin_america_tropical,m_all,,,female,-99.0,,0.0850993,0.0,0.0,0.0,0.0,1990.0,1990.0
1636,84.0,80.0,,sub-saharan_africa_southern,m_all,,,female,-99.0,,0.1162611,0.0,0.0,0.0,0.0,1990.0,1990.0
1637,84.0,80.0,,latin_america_southern,m_all,,,female,-99.0,,0.0830436,0.0,0.0,0.0,0.0,1990.0,1990.0
1638,84.0,80.0,,caribbean,m_all,,,female,-99.0,,0.0856671,0.0,0.0,0.0,0.0,1990.0,1990.0
1639,84.0,80.0,,oceania,m_all,,,female,-99.0,,0.1582272,0.0,0.0,0.0,0.0,1990.0,1990.0
1640,84.0,80.0,,north_america_high_income,m_all,,,female,-99.0,,0.0638603,0.0,0.0,0.0,0.0,1990.0,1990.0
1641,84.0,80.0,,australasia,m_all,,,female,-99.0,,0.0693564,0.0,0.0,0.0,0.0,1990.0,1990.0
1642,84.0,80.0,,europe_central,m_all,,,female,-99.0,,0.1109763,0.0,0.0,0.0,0.0,1990.0,1990.0
1643,84.0,80.0,,asia_central,m_all,,,female,-99.0,,0.0953402,0.0,0.0,0.0,0.0,1990.0,1990.0
1644,84.0,80.0,,latin_america_andean,m_all,,,female,-99.0,,0.0818879,0.0,0.0,0.0,0.0,1990.0,1990.0
1645,84.0,80.0,,europe_western,m_all,,,female,-99.0,,0.0774148,0.0,0.0,0.0,0.0,1990.0,1990.0
1646,84.0,80.0,,latin_america_central,m_all,,,female,-99.0,,0.0704815,0.0,0.0,0.0,0.0,1990.0,1990.0
1647,84.0,80.0,,europe_eastern,m_all,,,female,-99.0,,0.1071313,0.0,0.0,0.0,0.0,1990.0,1990.0
1648,84.0,80.0,,sub-saharan_africa_east,m_all,,,female,-99.0,,0.113031,0.0,0.0,0.0,0.0,1990.0,1990.0
1649,84.0,80.0,,sub-saharan_africa_central,m_all,,,female,-99.0,,0.1031628,0.0,0.0,0.0,0.0,1990.0,1990.0
1650,84.0,80.0,,north_africa_middle_east,m_all,,,female,-99.0,,0.1012166,0.0,0.0,0.0,0.0,1990.0,1990.0
1651,89.0,85.0,,asia_central,m_all,,,female,-99.0,,0.1586564,0.0,0.0,0.0,0.0,1990.0,1990.0
1652,89.0,85.0,,europe_eastern,m_all,,,female,-99.0,,0.1721918,0.0,0.0,0.0,0.0,1990.0,1990.0
1653,89.0,85.0,,asia_pacific_high_income,m_all,,,female,-99.0,,0.1232934,0.0,0.0,0.0,0.0,1990.0,1990.0
1654,89.0,85.0,,sub-saharan_africa_southern,m_all,,,female,-99.0,,0.1828205,0.0,0.0,0.0,0.0,1990.0,1990.0
1655,89.0,85.0,,north_america_high_income,m_all,,,female,-99.0,,0.1178472,0.0,0.0,0.0,0.0,1990.0,1990.0
1656,89.0,85.0,,latin_america_southern,m_all,,,female,-99.0,,0.143116,0.0,0.0,0.0,0.0,1990.0,1990.0
1657,89.0,85.0,,asia_east,m_all,,,female,-99.0,,0.1786391,0.0,0.0,0.0,0.0,1990.0,1990.0
1658,89.0,85.0,,latin_america_andean,m_all,,,female,-99.0,,0.1387558,0.0,0.0,0.0,0.0,1990.0,1990.0
1659,89.0,85.0,,australasia,m_all,,,female,-99.0,,0.1251443,0.0,0.0,0.0,0.0,1990.0,1990.0
1660,89.0,85.0,,latin_america_tropical,m_all,,,female,-99.0,,0.1457198,0.0,0.0,0.0,0.0,1990.0,1990.0
1661,89.0,85.0,,oceania,m_all,,,female,-99.0,,0.2232805,0.0,0.0,0.0,0.0,1990.0,1990.0
1662,89.0,85.0,,latin_america_central,m_all,,,female,-99.0,,0.1262068,0.0,0.0,0.0,0.0,1990.0,1990.0
1663,89.0,85.0,,sub-saharan_africa_central,m_all,,,female,-99.0,,0.167534,0.0,0.0,0.0,0.0,1990.0,1990.0
1664,89.0,85.0,,europe_western,m_all,,,female,-99.0,,0.1350013,0.0,0.0,0.0,0.0,1990.0,1990.0
1665,89.0,85.0,,caribbean,m_all,,,female,-99.0,,0.1407183,0.0,0.0,0.0,0.0,1990.0,1990.0
1666,89.0,85.0,,europe_central,m_all,,,female,-99.0,,0.176272,0.0,0.0,0.0,0.0,1990.0,1990.0
1667,89.0,85.0,,north_africa_middle_east,m_all,,,female,-99.0,,0.1647275,0.0,0.0,0.0,0.0,1990.0,1990.0
1668,89.0,85.0,,asia_south,m_all,,,female,-99.0,,0.1792105,0.0,0.0,0.0,0.0,1990.0,1990.0
1669,89.0,85.0,,sub-saharan_africa_east,m_all,,,female,-99.0,,0.1784464,0.0,0.0,0.0,0.0,1990.0,1990.0
1670,89.0,85.0,,sub-saharan_africa_west,m_all,,,female,-99.0,,0.1653716,0.0,0.0,0.0,0.0,1990.0,1990.0
1671,94.0,90.0,,sub-saharan_africa_west,m_all,,,female,-99.0,,0.2542191,0.0,0.0,0.0,0.0,1990.0,1990.0
1672,94.0,90.0,,asia_south,m_all,,,female,-99.0,,0.2690767,0.0,0.0,0.0,0.0,1990.0,1990.0
1673,94.0,90.0,,europe_eastern,m_all,,,female,-99.0,,0.2614969,0.0,0.0,0.0,0.0,1990.0,1990.0
1674,94.0,90.0,,europe_western,m_all,,,female,-99.0,,0.2219799,0.0,0.0,0.0,0.0,1990.0,1990.0
1675,94.0,90.0,,sub-saharan_africa_southern,m_all,,,female,-99.0,,0.272319,0.0,0.0,0.0,0.0,1990.0,1990.0
1676,94.0,90.0,,latin_america_central,m_all,,,female,-99.0,,0.2125467,0.0,0.0,0.0,0.0,1990.0,1990.0
1677,94.0,90.0,,latin_america_tropical,m_all,,,female,-99.0,,0.234265,0.0,0.0,0.0,0.0,1990.0,1990.0
1678,94.0,90.0,,europe_central,m_all,,,female,-99.0,,0.2653683,0.0,0.0,0.0,0.0,1990.0,1990.0
1679,94.0,90.0,,asia_east,m_all,,,female,-99.0,,0.2680731,0.0,0.0,0.0,0.0,1990.0,1990.0
1680,94.0,90.0,,north_america_high_income,m_all,,,female,-99.0,,0.2039008,0.0,0.0,0.0,0.0,1990.0,1990.0
1681,94.0,90.0,,north_africa_middle_east,m_all,,,female,-99.0,,0.2543147,0.0,0.0,0.0,0.0,1990.0,1990.0
1682,94.0,90.0,,asia_central,m_all,,,female,-99.0,,0.2480168,0.0,0.0,0.0,0.0,1990.0,1990.0
1683,94.0,90.0,,australasia,m_all,,,female,-99.0,,0.2120439,0.0,0.0,0.0,0.0,1990.0,1990.0
1684,94.0,90.0,,latin_america_southern,m_all,,,female,-99.0,,0.2321794,0.0,0.0,0.0,0.0,1990.0,1990.0
1685,94.0,90.0,,latin_america_andean,m_all,,,female,-99.0,,0.2233848,0.0,0.0,0.0,0.0,1990.0,1990.0
1686,94.0,90.0,,asia_pacific_high_income,m_all,,,female,-99.0,,0.2092074,0.0,0.0,0.0,0.0,1990.0,1990.0
1687,94.0,90.0,,asia_southeast,m_all,,,female,-99.0,,0.238385,0.0,0.0,0.0,0.0,1990.0,1990.0
1688,94.0,90.0,,sub-saharan_africa_central,m_all,,,female,-99.0,,0.2569523,0.0,0.0,0.0,0.0,1990.0,1990.0
1689,94.0,90.0,,oceania,m_all,,,female,-99.0,,0.314837,0.0,0.0,0.0,0.0,1990.0,1990.0
1690,94.0,90.0,,caribbean,m_all,,,female,-99.0,,0.2266324,0.0,0.0,0.0,0.0,1990.0,1990.0
1691,99.0,95.0,,asia_southeast,m_all,,,female,-99.0,,0.356336,0.0,0.0,0.0,0.0,1990.0,1990.0
1692,99.0,95.0,,asia_south,m_all,,,female,-99.0,,0.3870001,0.0,0.0,0.0,0.0,1990.0,1990.0
1693,99.0,95.0,,europe_eastern,m_all,,,female,-99.0,,0.3798426,0.0,0.0,0.0,0.0,1990.0,1990.0
1694,99.0,95.0,,sub-saharan_africa_central,m_all,,,female,-99.0,,0.376121,0.0,0.0,0.0,0.0,1990.0,1990.0
1695,99.0,95.0,,asia_pacific_high_income,m_all,,,female,-99.0,,0.330692,0.0,0.0,0.0,0.0,1990.0,1990.0
1696,99.0,95.0,,north_america_high_income,m_all,,,female,-99.0,,0.3263648,0.0,0.0,0.0,0.0,1990.0,1990.0
1697,99.0,95.0,,oceania,m_all,,,female,-99.0,,0.4253896,0.0,0.0,0.0,0.0,1990.0,1990.0
1698,99.0,95.0,,latin_america_central,m_all,,,female,-99.0,,0.3344493,0.0,0.0,0.0,0.0,1990.0,1990.0
1699,99.0,95.0,,sub-saharan_africa_southern,m_all,,,female,-99.0,,0.389326,0.0,0.0,0.0,0.0,1990.0,1990.0
1700,99.0,95.0,,latin_america_tropical,m_all,,,female,-99.0,,0.3553182,0.0,0.0,0.0,0.0,1990.0,1990.0
1701,99.0,95.0,,europe_central,m_all,,,female,-99.0,,0.3833239,0.0,0.0,0.0,0.0,1990.0,1990.0
1702,99.0,95.0,,latin_america_southern,m_all,,,female,-99.0,,0.354957,0.0,0.0,0.0,0.0,1990.0,1990.0
1703,99.0,95.0,,caribbean,m_all,,,female,-99.0,,0.3433553,0.0,0.0,0.0,0.0,1990.0,1990.0
1704,99.0,95.0,,europe_western,m_all,,,female,-99.0,,0.3430077,0.0,0.0,0.0,0.0,1990.0,1990.0
1705,99.0,95.0,,north_africa_middle_east,m_all,,,female,-99.0,,0.373463,0.0,0.0,0.0,0.0,1990.0,1990.0
1706,99.0,95.0,,asia_central,m_all,,,female,-99.0,,0.3678619,0.0,0.0,0.0,0.0,1990.0,1990.0
1707,99.0,95.0,,australasia,m_all,,,female,-99.0,,0.3342218,0.0,0.0,0.0,0.0,1990.0,1990.0
1708,99.0,95.0,,asia_east,m_all,,,female,-99.0,,0.38563,0.0,0.0,0.0,0.0,1990.0,1990.0
1709,99.0,95.0,,sub-saharan_africa_east,m_all,,,female,-99.0,,0.3842353,0.0,0.0,0.0,0.0,1990.0,1990.0
1710,99.0,95.0,,sub-saharan_africa_west,m_all,,,female,-99.0,,0.3733823,0.0,0.0,0.0,0.0,1990.0,1990.0
1711,101.0,100.0,,europe_western,m_all,,,female,-99.0,,0.4998518,0.0,0.0,0.0,0.0,1990.0,1990.0
1712,101.0,100.0,,caribbean,m_all,,,female,-99.0,,0.4965297,0.0,0.0,0.0,0.0,1990.0,1990.0
1713,101.0,100.0,,europe_eastern,m_all,,,female,-99.0,,0.525009,0.0,0.0,0.0,0.0,1990.0,1990.0
1714,101.0,100.0,,asia_southeast,m_all,,,female,-99.0,,0.5079226,0.0,0.0,0.0,0.0,1990.0,1990.0
1715,101.0,100.0,,asia_south,m_all,,,female,-99.0,,0.5302415,0.0,0.0,0.0,0.0,1990.0,1990.0
1716,101.0,100.0,,australasia,m_all,,,female,-99.0,,0.4940214,0.0,0.0,0.0,0.0,1990.0,1990.0
1717,101.0,100.0,,sub-saharan_africa_east,m_all,,,female,-99.0,,0.5281538,0.0,0.0,0.0,0.0,1990.0,1990.0
1718,101.0,100.0,,north_africa_middle_east,m_all,,,female,-99.0,,0.5207085,0.0,0.0,0.0,0.0,1990.0,1990.0
1719,101.0,100.0,,sub-saharan_africa_west,m_all,,,female,-99.0,,0.5207602,0.0,0.0,0.0,0.0,1990.0,1990.0
1720,101.0,100.0,,north_america_high_income,m_all,,,female,-99.0,,0.4883876,0.0,0.0,0.0,0.0,1990.0,1990.0
1721,101.0,100.0,,europe_central,m_all,,,female,-99.0,,0.5269527,0.0,0.0,0.0,0.0,1990.0,1990.0
1722,101.0,100.0,,latin_america_southern,m_all,,,female,-99.0,,0.5100615,0.0,0.0,0.0,0.0,1990.0,1990.0
1723,101.0,100.0,,sub-saharan_africa_southern,m_all,,,female,-99.0,,0.5313638,0.0,0.0,0.0,0.0,1990.0,1990.0
1724,101.0,100.0,,asia_pacific_high_income,m_all,,,female,-99.0,,0.4910184,0.0,0.0,0.0,0.0,1990.0,1990.0
1725,101.0,100.0,,asia_central,m_all,,,female,-99.0,,0.5165669,0.0,0.0,0.0,0.0,1990.0,1990.0
1726,101.0,100.0,,sub-saharan_africa_central,m_all,,,female,-99.0,,0.5228387,0.0,0.0,0.0,0.0,1990.0,1990.0
1727,101.0,100.0,,oceania,m_all,,,female,-99.0,,0.5525003,0.0,0.0,0.0,0.0,1990.0,1990.0
1728,101.0,100.0,,latin_america_central,m_all,,,female,-99.0,,0.4940264,0.0,0.0,0.0,0.0,1990.0,1990.0
1729,101.0,100.0,,latin_america_tropical,m_all,,,female,-99.0,,0.5086508,0.0,0.0,0.0,0.0,1990.0,1990.0
1730,101.0,100.0,,latin_america_andean,m_all,,,female,-99.0,,0.4933451,0.0,0.0,0.0,0.0,1990.0,1990.0
1731,0.0,0.0,,sub-saharan_africa_southern,m_all,,,female,-99.0,,0.0397942,0.0,0.0,0.0,0.0,2005.0,2005.0
1732,0.0,0.0,,north_africa_middle_east,m_all,,,female,-99.0,,0.034749,0.0,0.0,0.0,0.0,2005.0,2005.0
1733,0.0,0.0,,asia_south,m_all,,,female,-99.0,,0.0623853,0.0,0.0,0.0,0.0,2005.0,2005.0
1734,0.0,0.0,,latin_america_tropical,m_all,,,female,-99.0,,0.0205738,0.0,0.0,0.0,0.0,2005.0,2005.0
1735,0.0,0.0,,asia_pacific_high_income,m_all,,,female,-99.0,,0.0028805,0.0,0.0,0.0,0.0,2005.0,2005.0
1736,0.0,0.0,,asia_southeast,m_all,,,female,-99.0,,0.024119,0.0,0.0,0.0,0.0,2005.0,2005.0
1737,0.0,0.0,,asia_central,m_all,,,female,-99.0,,0.0306946,0.0,0.0,0.0,0.0,2005.0,2005.0
1738,0.0,0.0,,caribbean,m_all,,,female,-99.0,,0.0318474,0.0,0.0,0.0,0.0,2005.0,2005.0
1739,0.0,0.0,,europe_central,m_all,,,female,-99.0,,0.0071395,0.0,0.0,0.0,0.0,2005.0,2005.0
1740,0.0,0.0,,asia_east,m_all,,,female,-99.0,,0.0155836,0.0,0.0,0.0,0.0,2005.0,2005.0
1741,0.0,0.0,,latin_america_central,m_all,,,female,-99.0,,0.0167513,0.0,0.0,0.0,0.0,2005.0,2005.0
1742,0.0,0.0,,latin_america_southern,m_all,,,female,-99.0,,0.0111064,0.0,0.0,0.0,0.0,2005.0,2005.0
1743,0.0,0.0,,australasia,m_all,,,female,-99.0,,0.0043738,0.0,0.0,0.0,0.0,2005.0,2005.0
1744,0.0,0.0,,europe_western,m_all,,,female,-99.0,,0.0036566,0.0,0.0,0.0,0.0,2005.0,2005.0
1745,0.0,0.0,,sub-saharan_africa_west,m_all,,,female,-99.0,,0.1013736,0.0,0.0,0.0,0.0,2005.0,2005.0
1746,0.0,0.0,,sub-saharan_africa_east,m_all,,,female,-99.0,,0.0699623,0.0,0.0,0.0,0.0,2005.0,2005.0
1747,0.0,0.0,,europe_eastern,m_all,,,female,-99.0,,0.011175,0.0,0.0,0.0,0.0,2005.0,2005.0
1748,0.0,0.0,,north_america_high_income,m_all,,,female,-99.0,,0.0060696,0.0,0.0,0.0,0.0,2005.0,2005.0
1749,0.0,0.0,,sub-saharan_africa_central,m_all,,,female,-99.0,,0.0984358,0.0,0.0,0.0,0.0,2005.0,2005.0
1750,0.0,0.0,,latin_america_andean,m_all,,,female,-99.0,,0.0262469,0.0,0.0,0.0,0.0,2005.0,2005.0
1751,4.0,1.0,,north_africa_middle_east,m_all,,,female,-99.0,,0.0027162,0.0,0.0,0.0,0.0,2005.0,2005.0
1752,4.0,1.0,,europe_central,m_all,,,female,-99.0,,0.0003612,0.0,0.0,0.0,0.0,2005.0,2005.0
1753,4.0,1.0,,sub-saharan_africa_east,m_all,,,female,-99.0,,0.0089897,0.0,0.0,0.0,0.0,2005.0,2005.0
1754,4.0,1.0,,asia_southeast,m_all,,,female,-99.0,,0.0021528,0.0,0.0,0.0,0.0,2005.0,2005.0
1755,4.0,1.0,,asia_pacific_high_income,m_all,,,female,-99.0,,0.0002349,0.0,0.0,0.0,0.0,2005.0,2005.0
1756,4.0,1.0,,europe_western,m_all,,,female,-99.0,,0.0001858,0.0,0.0,0.0,0.0,2005.0,2005.0
1757,4.0,1.0,,latin_america_central,m_all,,,female,-99.0,,0.001255,0.0,0.0,0.0,0.0,2005.0,2005.0
1758,4.0,1.0,,latin_america_southern,m_all,,,female,-99.0,,0.0004715,0.0,0.0,0.0,0.0,2005.0,2005.0
1759,4.0,1.0,,asia_south,m_all,,,female,-99.0,,0.0041327,0.0,0.0,0.0,0.0,2005.0,2005.0
1760,4.0,1.0,,australasia,m_all,,,female,-99.0,,0.0002211,0.0,0.0,0.0,0.0,2005.0,2005.0
1761,4.0,1.0,,sub-saharan_africa_central,m_all,,,female,-99.0,,0.0120453,0.0,0.0,0.0,0.0,2005.0,2005.0
1762,4.0,1.0,,asia_east,m_all,,,female,-99.0,,0.0009847,0.0,0.0,0.0,0.0,2005.0,2005.0
1763,4.0,1.0,,europe_eastern,m_all,,,female,-99.0,,0.0007847,0.0,0.0,0.0,0.0,2005.0,2005.0
1764,4.0,1.0,,caribbean,m_all,,,female,-99.0,,0.0021167,0.0,0.0,0.0,0.0,2005.0,2005.0
1765,4.0,1.0,,latin_america_tropical,m_all,,,female,-99.0,,0.0005725,0.0,0.0,0.0,0.0,2005.0,2005.0
1766,4.0,1.0,,oceania,m_all,,,female,-99.0,,0.0032181,0.0,0.0,0.0,0.0,2005.0,2005.0
1767,4.0,1.0,,sub-saharan_africa_west,m_all,,,female,-99.0,,0.0138116,0.0,0.0,0.0,0.0,2005.0,2005.0
1768,4.0,1.0,,asia_central,m_all,,,female,-99.0,,0.0026421,0.0,0.0,0.0,0.0,2005.0,2005.0
1769,4.0,1.0,,north_america_high_income,m_all,,,female,-99.0,,0.0002623,0.0,0.0,0.0,0.0,2005.0,2005.0
1770,4.0,1.0,,latin_america_andean,m_all,,,female,-99.0,,0.0023151,0.0,0.0,0.0,0.0,2005.0,2005.0
1771,9.0,5.0,,sub-saharan_africa_west,m_all,,,female,-99.0,,0.0020592,0.0,0.0,0.0,0.0,2005.0,2005.0
1772,9.0,5.0,,north_america_high_income,m_all,,,female,-99.0,,0.0001262,0.0,0.0,0.0,0.0,2005.0,2005.0
1773,9.0,5.0,,oceania,m_all,,,female,-99.0,,0.0007522,0.0,0.0,0.0,0.0,2005.0,2005.0
1774,9.0,5.0,,europe_central,m_all,,,female,-99.0,,0.0001578,0.0,0.0,0.0,0.0,2005.0,2005.0
1775,9.0,5.0,,north_africa_middle_east,m_all,,,female,-99.0,,0.0005329,0.0,0.0,0.0,0.0,2005.0,2005.0
1776,9.0,5.0,,latin_america_central,m_all,,,female,-99.0,,0.0002869,0.0,0.0,0.0,0.0,2005.0,2005.0
1777,9.0,5.0,,asia_east,m_all,,,female,-99.0,,0.0003055,0.0,0.0,0.0,0.0,2005.0,2005.0
1778,9.0,5.0,,latin_america_andean,m_all,,,female,-99.0,,0.0004986,0.0,0.0,0.0,0.0,2005.0,2005.0
1779,9.0,5.0,,sub-saharan_africa_southern,m_all,,,female,-99.0,,0.0012335,0.0,0.0,0.0,0.0,2005.0,2005.0
1780,9.0,5.0,,latin_america_tropical,m_all,,,female,-99.0,,0.0002473,0.0,0.0,0.0,0.0,2005.0,2005.0
1781,9.0,5.0,,asia_pacific_high_income,m_all,,,female,-99.0,,9.52e-05,0.0,0.0,0.0,0.0,2005.0,2005.0
1782,9.0,5.0,,europe_eastern,m_all,,,female,-99.0,,0.0003495,0.0,0.0,0.0,0.0,2005.0,2005.0
1783,9.0,5.0,,europe_western,m_all,,,female,-99.0,,9.32e-05,0.0,0.0,0.0,0.0,2005.0,2005.0
1784,9.0,5.0,,sub-saharan_africa_east,m_all,,,female,-99.0,,0.0015344,0.0,0.0,0.0,0.0,2005.0,2005.0
1785,9.0,5.0,,australasia,m_all,,,female,-99.0,,9.48e-05,0.0,0.0,0.0,0.0,2005.0,2005.0
1786,9.0,5.0,,caribbean,m_all,,,female,-99.0,,0.0005093,0.0,0.0,0.0,0.0,2005.0,2005.0
1787,9.0,5.0,,asia_south,m_all,,,female,-99.0,,0.0013556,0.0,0.0,0.0,0.0,2005.0,2005.0
1788,9.0,5.0,,latin_america_southern,m_all,,,female,-99.0,,0.0001917,0.0,0.0,0.0,0.0,2005.0,2005.0
1789,9.0,5.0,,asia_central,m_all,,,female,-99.0,,0.0005779,0.0,0.0,0.0,0.0,2005.0,2005.0
1790,9.0,5.0,,sub-saharan_africa_central,m_all,,,female,-99.0,,0.0018447,0.0,0.0,0.0,0.0,2005.0,2005.0
1791,14.0,10.0,,asia_central,m_all,,,female,-99.0,,0.0005163,0.0,0.0,0.0,0.0,2005.0,2005.0
1792,14.0,10.0,,oceania,m_all,,,female,-99.0,,0.0008593,0.0,0.0,0.0,0.0,2005.0,2005.0
1793,14.0,10.0,,latin_america_andean,m_all,,,female,-99.0,,0.0003744,0.0,0.0,0.0,0.0,2005.0,2005.0
1794,14.0,10.0,,latin_america_tropical,m_all,,,female,-99.0,,0.0002721,0.0,0.0,0.0,0.0,2005.0,2005.0
1795,14.0,10.0,,sub-saharan_africa_east,m_all,,,female,-99.0,,0.0012179,0.0,0.0,0.0,0.0,2005.0,2005.0
1796,14.0,10.0,,asia_pacific_high_income,m_all,,,female,-99.0,,9.14e-05,0.0,0.0,0.0,0.0,2005.0,2005.0
1797,14.0,10.0,,asia_southeast,m_all,,,female,-99.0,,0.0004368,0.0,0.0,0.0,0.0,2005.0,2005.0
1798,14.0,10.0,,europe_central,m_all,,,female,-99.0,,0.000164,0.0,0.0,0.0,0.0,2005.0,2005.0
1799,14.0,10.0,,sub-saharan_africa_southern,m_all,,,female,-99.0,,0.0008683,0.0,0.0,0.0,0.0,2005.0,2005.0
1800,14.0,10.0,,caribbean,m_all,,,female,-99.0,,0.0004589,0.0,0.0,0.0,0.0,2005.0,2005.0
1801,14.0,10.0,,north_america_high_income,m_all,,,female,-99.0,,0.0001427,0.0,0.0,0.0,0.0,2005.0,2005.0
1802,14.0,10.0,,asia_south,m_all,,,female,-99.0,,0.0009345,0.0,0.0,0.0,0.0,2005.0,2005.0
1803,14.0,10.0,,sub-saharan_africa_west,m_all,,,female,-99.0,,0.0012443,0.0,0.0,0.0,0.0,2005.0,2005.0
1804,14.0,10.0,,latin_america_central,m_all,,,female,-99.0,,0.0002961,0.0,0.0,0.0,0.0,2005.0,2005.0
1805,14.0,10.0,,latin_america_southern,m_all,,,female,-99.0,,0.0002111,0.0,0.0,0.0,0.0,2005.0,2005.0
1806,14.0,10.0,,australasia,m_all,,,female,-99.0,,9.42e-05,0.0,0.0,0.0,0.0,2005.0,2005.0
1807,14.0,10.0,,asia_east,m_all,,,female,-99.0,,0.0002524,0.0,0.0,0.0,0.0,2005.0,2005.0
1808,14.0,10.0,,north_africa_middle_east,m_all,,,female,-99.0,,0.0004926,0.0,0.0,0.0,0.0,2005.0,2005.0
1809,14.0,10.0,,europe_eastern,m_all,,,female,-99.0,,0.0002847,0.0,0.0,0.0,0.0,2005.0,2005.0
1810,14.0,10.0,,sub-saharan_africa_central,m_all,,,female,-99.0,,0.0015215,0.0,0.0,0.0,0.0,2005.0,2005.0
1811,19.0,15.0,,sub-saharan_africa_east,m_all,,,female,-99.0,,0.0023871,0.0,0.0,0.0,0.0,2005.0,2005.0
1812,19.0,15.0,,asia_east,m_all,,,female,-99.0,,0.0004246,0.0,0.0,0.0,0.0,2005.0,2005.0
1813,19.0,15.0,,north_africa_middle_east,m_all,,,female,-99.0,,0.0007311,0.0,0.0,0.0,0.0,2005.0,2005.0
1814,19.0,15.0,,asia_south,m_all,,,female,-99.0,,0.0015774,0.0,0.0,0.0,0.0,2005.0,2005.0
1815,19.0,15.0,,latin_america_tropical,m_all,,,female,-99.0,,0.0004708,0.0,0.0,0.0,0.0,2005.0,2005.0
1816,19.0,15.0,,latin_america_andean,m_all,,,female,-99.0,,0.0006013,0.0,0.0,0.0,0.0,2005.0,2005.0
1817,19.0,15.0,,asia_southeast,m_all,,,female,-99.0,,0.0007312,0.0,0.0,0.0,0.0,2005.0,2005.0
1818,19.0,15.0,,europe_central,m_all,,,female,-99.0,,0.0002821,0.0,0.0,0.0,0.0,2005.0,2005.0
1819,19.0,15.0,,sub-saharan_africa_west,m_all,,,female,-99.0,,0.0019725,0.0,0.0,0.0,0.0,2005.0,2005.0
1820,19.0,15.0,,asia_central,m_all,,,female,-99.0,,0.0008955,0.0,0.0,0.0,0.0,2005.0,2005.0
1821,19.0,15.0,,sub-saharan_africa_central,m_all,,,female,-99.0,,0.0026306,0.0,0.0,0.0,0.0,2005.0,2005.0
1822,19.0,15.0,,australasia,m_all,,,female,-99.0,,0.0002777,0.0,0.0,0.0,0.0,2005.0,2005.0
1823,19.0,15.0,,asia_pacific_high_income,m_all,,,female,-99.0,,0.0001976,0.0,0.0,0.0,0.0,2005.0,2005.0
1824,19.0,15.0,,caribbean,m_all,,,female,-99.0,,0.0008074,0.0,0.0,0.0,0.0,2005.0,2005.0
1825,19.0,15.0,,north_america_high_income,m_all,,,female,-99.0,,0.0003769,0.0,0.0,0.0,0.0,2005.0,2005.0
1826,19.0,15.0,,europe_western,m_all,,,female,-99.0,,0.0002141,0.0,0.0,0.0,0.0,2005.0,2005.0
1827,19.0,15.0,,latin_america_central,m_all,,,female,-99.0,,0.000543,0.0,0.0,0.0,0.0,2005.0,2005.0
1828,19.0,15.0,,oceania,m_all,,,female,-99.0,,0.0015605,0.0,0.0,0.0,0.0,2005.0,2005.0
1829,19.0,15.0,,sub-saharan_africa_southern,m_all,,,female,-99.0,,0.0024858,0.0,0.0,0.0,0.0,2005.0,2005.0
1830,19.0,15.0,,latin_america_southern,m_all,,,female,-99.0,,0.0003727,0.0,0.0,0.0,0.0,2005.0,2005.0
1831,24.0,20.0,,europe_eastern,m_all,,,female,-99.0,,0.0009492,0.0,0.0,0.0,0.0,2005.0,2005.0
1832,24.0,20.0,,latin_america_southern,m_all,,,female,-99.0,,0.0004259,0.0,0.0,0.0,0.0,2005.0,2005.0
1833,24.0,20.0,,latin_america_andean,m_all,,,female,-99.0,,0.00076,0.0,0.0,0.0,0.0,2005.0,2005.0
1834,24.0,20.0,,asia_east,m_all,,,female,-99.0,,0.0005257,0.0,0.0,0.0,0.0,2005.0,2005.0
1835,24.0,20.0,,europe_western,m_all,,,female,-99.0,,0.0002556,0.0,0.0,0.0,0.0,2005.0,2005.0
1836,24.0,20.0,,caribbean,m_all,,,female,-99.0,,0.0012428,0.0,0.0,0.0,0.0,2005.0,2005.0
1837,24.0,20.0,,north_america_high_income,m_all,,,female,-99.0,,0.0004632,0.0,0.0,0.0,0.0,2005.0,2005.0
1838,24.0,20.0,,sub-saharan_africa_east,m_all,,,female,-99.0,,0.0045957,0.0,0.0,0.0,0.0,2005.0,2005.0
1839,24.0,20.0,,sub-saharan_africa_west,m_all,,,female,-99.0,,0.0034095,0.0,0.0,0.0,0.0,2005.0,2005.0
1840,24.0,20.0,,sub-saharan_africa_southern,m_all,,,female,-99.0,,0.0090296,0.0,0.0,0.0,0.0,2005.0,2005.0
1841,24.0,20.0,,asia_central,m_all,,,female,-99.0,,0.0011762,0.0,0.0,0.0,0.0,2005.0,2005.0
1842,24.0,20.0,,europe_central,m_all,,,female,-99.0,,0.0002976,0.0,0.0,0.0,0.0,2005.0,2005.0
1843,24.0,20.0,,asia_southeast,m_all,,,female,-99.0,,0.0010124,0.0,0.0,0.0,0.0,2005.0,2005.0
1844,24.0,20.0,,latin_america_tropical,m_all,,,female,-99.0,,0.000563,0.0,0.0,0.0,0.0,2005.0,2005.0
1845,24.0,20.0,,sub-saharan_africa_central,m_all,,,female,-99.0,,0.0041013,0.0,0.0,0.0,0.0,2005.0,2005.0
1846,24.0,20.0,,australasia,m_all,,,female,-99.0,,0.0003132,0.0,0.0,0.0,0.0,2005.0,2005.0
1847,24.0,20.0,,asia_pacific_high_income,m_all,,,female,-99.0,,0.0003014,0.0,0.0,0.0,0.0,2005.0,2005.0
1848,24.0,20.0,,latin_america_central,m_all,,,female,-99.0,,0.0006778,0.0,0.0,0.0,0.0,2005.0,2005.0
1849,24.0,20.0,,asia_south,m_all,,,female,-99.0,,0.0020504,0.0,0.0,0.0,0.0,2005.0,2005.0
1850,24.0,20.0,,oceania,m_all,,,female,-99.0,,0.0022992,0.0,0.0,0.0,0.0,2005.0,2005.0
1851,29.0,25.0,,europe_central,m_all,,,female,-99.0,,0.0003536,0.0,0.0,0.0,0.0,2005.0,2005.0
1852,29.0,25.0,,oceania,m_all,,,female,-99.0,,0.0030312,0.0,0.0,0.0,0.0,2005.0,2005.0
1853,29.0,25.0,,latin_america_tropical,m_all,,,female,-99.0,,0.0007168,0.0,0.0,0.0,0.0,2005.0,2005.0
1854,29.0,25.0,,north_africa_middle_east,m_all,,,female,-99.0,,0.0010889,0.0,0.0,0.0,0.0,2005.0,2005.0
1855,29.0,25.0,,caribbean,m_all,,,female,-99.0,,0.0015356,0.0,0.0,0.0,0.0,2005.0,2005.0
1856,29.0,25.0,,asia_southeast,m_all,,,female,-99.0,,0.001284,0.0,0.0,0.0,0.0,2005.0,2005.0
1857,29.0,25.0,,asia_south,m_all,,,female,-99.0,,0.0021438,0.0,0.0,0.0,0.0,2005.0,2005.0
1858,29.0,25.0,,asia_central,m_all,,,female,-99.0,,0.0014151,0.0,0.0,0.0,0.0,2005.0,2005.0
1859,29.0,25.0,,asia_east,m_all,,,female,-99.0,,0.0006169,0.0,0.0,0.0,0.0,2005.0,2005.0
1860,29.0,25.0,,latin_america_southern,m_all,,,female,-99.0,,0.0005074,0.0,0.0,0.0,0.0,2005.0,2005.0
1861,29.0,25.0,,sub-saharan_africa_southern,m_all,,,female,-99.0,,0.0174102,0.0,0.0,0.0,0.0,2005.0,2005.0
1862,29.0,25.0,,asia_pacific_high_income,m_all,,,female,-99.0,,0.0003462,0.0,0.0,0.0,0.0,2005.0,2005.0
1863,29.0,25.0,,sub-saharan_africa_west,m_all,,,female,-99.0,,0.0045535,0.0,0.0,0.0,0.0,2005.0,2005.0
1864,29.0,25.0,,sub-saharan_africa_central,m_all,,,female,-99.0,,0.0051935,0.0,0.0,0.0,0.0,2005.0,2005.0
1865,29.0,25.0,,europe_western,m_all,,,female,-99.0,,0.0002879,0.0,0.0,0.0,0.0,2005.0,2005.0
1866,29.0,25.0,,latin_america_central,m_all,,,female,-99.0,,0.0007421,0.0,0.0,0.0,0.0,2005.0,2005.0
1867,29.0,25.0,,north_america_high_income,m_all,,,female,-99.0,,0.0005254,0.0,0.0,0.0,0.0,2005.0,2005.0
1868,29.0,25.0,,sub-saharan_africa_east,m_all,,,female,-99.0,,0.0065903,0.0,0.0,0.0,0.0,2005.0,2005.0
1869,29.0,25.0,,latin_america_andean,m_all,,,female,-99.0,,0.000855,0.0,0.0,0.0,0.0,2005.0,2005.0
1870,29.0,25.0,,europe_eastern,m_all,,,female,-99.0,,0.0015187,0.0,0.0,0.0,0.0,2005.0,2005.0
1871,34.0,30.0,,sub-saharan_africa_east,m_all,,,female,-99.0,,0.0076111,0.0,0.0,0.0,0.0,2005.0,2005.0
1872,34.0,30.0,,sub-saharan_africa_southern,m_all,,,female,-99.0,,0.0197327,0.0,0.0,0.0,0.0,2005.0,2005.0
1873,34.0,30.0,,oceania,m_all,,,female,-99.0,,0.0039374,0.0,0.0,0.0,0.0,2005.0,2005.0
1874,34.0,30.0,,latin_america_central,m_all,,,female,-99.0,,0.0008817,0.0,0.0,0.0,0.0,2005.0,2005.0
1875,34.0,30.0,,north_africa_middle_east,m_all,,,female,-99.0,,0.0013485,0.0,0.0,0.0,0.0,2005.0,2005.0
1876,34.0,30.0,,latin_america_southern,m_all,,,female,-99.0,,0.0007014,0.0,0.0,0.0,0.0,2005.0,2005.0
1877,34.0,30.0,,europe_western,m_all,,,female,-99.0,,0.0004025,0.0,0.0,0.0,0.0,2005.0,2005.0
1878,34.0,30.0,,europe_eastern,m_all,,,female,-99.0,,0.0020742,0.0,0.0,0.0,0.0,2005.0,2005.0
1879,34.0,30.0,,sub-saharan_africa_central,m_all,,,female,-99.0,,0.0060725,0.0,0.0,0.0,0.0,2005.0,2005.0
1880,34.0,30.0,,australasia,m_all,,,female,-99.0,,0.0004461,0.0,0.0,0.0,0.0,2005.0,2005.0
1881,34.0,30.0,,europe_central,m_all,,,female,-99.0,,0.0005328,0.0,0.0,0.0,0.0,2005.0,2005.0
1882,34.0,30.0,,asia_east,m_all,,,female,-99.0,,0.0008208,0.0,0.0,0.0,0.0,2005.0,2005.0
1883,34.0,30.0,,asia_central,m_all,,,female,-99.0,,0.0017943,0.0,0.0,0.0,0.0,2005.0,2005.0
1884,34.0,30.0,,caribbean,m_all,,,female,-99.0,,0.0016921,0.0,0.0,0.0,0.0,2005.0,2005.0
1885,34.0,30.0,,latin_america_tropical,m_all,,,female,-99.0,,0.0009568,0.0,0.0,0.0,0.0,2005.0,2005.0
1886,34.0,30.0,,north_america_high_income,m_all,,,female,-99.0,,0.0006948,0.0,0.0,0.0,0.0,2005.0,2005.0
1887,34.0,30.0,,asia_southeast,m_all,,,female,-99.0,,0.0016299,0.0,0.0,0.0,0.0,2005.0,2005.0
1888,34.0,30.0,,sub-saharan_africa_west,m_all,,,female,-99.0,,0.0052646,0.0,0.0,0.0,0.0,2005.0,2005.0
1889,34.0,30.0,,asia_pacific_high_income,m_all,,,female,-99.0,,0.0004469,0.0,0.0,0.0,0.0,2005.0,2005.0
1890,34.0,30.0,,asia_south,m_all,,,female,-99.0,,0.0022656,0.0,0.0,0.0,0.0,2005.0,2005.0
1891,39.0,35.0,,latin_america_tropical,m_all,,,female,-99.0,,0.0013736,0.0,0.0,0.0,0.0,2005.0,2005.0
1892,39.0,35.0,,europe_central,m_all,,,female,-99.0,,0.0009107,0.0,0.0,0.0,0.0,2005.0,2005.0
1893,39.0,35.0,,asia_central,m_all,,,female,-99.0,,0.0027704,0.0,0.0,0.0,0.0,2005.0,2005.0
1894,39.0,35.0,,asia_south,m_all,,,female,-99.0,,0.0027492,0.0,0.0,0.0,0.0,2005.0,2005.0
1895,39.0,35.0,,sub-saharan_africa_southern,m_all,,,female,-99.0,,0.0180712,0.0,0.0,0.0,0.0,2005.0,2005.0
1896,39.0,35.0,,north_africa_middle_east,m_all,,,female,-99.0,,0.0019818,0.0,0.0,0.0,0.0,2005.0,2005.0
1897,39.0,35.0,,asia_southeast,m_all,,,female,-99.0,,0.0022131,0.0,0.0,0.0,0.0,2005.0,2005.0
1898,39.0,35.0,,sub-saharan_africa_east,m_all,,,female,-99.0,,0.0094051,0.0,0.0,0.0,0.0,2005.0,2005.0
1899,39.0,35.0,,caribbean,m_all,,,female,-99.0,,0.002303,0.0,0.0,0.0,0.0,2005.0,2005.0
1900,39.0,35.0,,australasia,m_all,,,female,-99.0,,0.0006546,0.0,0.0,0.0,0.0,2005.0,2005.0
1901,39.0,35.0,,asia_east,m_all,,,female,-99.0,,0.0011903,0.0,0.0,0.0,0.0,2005.0,2005.0
1902,39.0,35.0,,sub-saharan_africa_central,m_all,,,female,-99.0,,0.0085407,0.0,0.0,0.0,0.0,2005.0,2005.0
1903,39.0,35.0,,europe_western,m_all,,,female,-99.0,,0.0006297,0.0,0.0,0.0,0.0,2005.0,2005.0
1904,39.0,35.0,,north_america_high_income,m_all,,,female,-99.0,,0.0010496,0.0,0.0,0.0,0.0,2005.0,2005.0
1905,39.0,35.0,,europe_eastern,m_all,,,female,-99.0,,0.0026944,0.0,0.0,0.0,0.0,2005.0,2005.0
1906,39.0,35.0,,latin_america_andean,m_all,,,female,-99.0,,0.0014084,0.0,0.0,0.0,0.0,2005.0,2005.0
1907,39.0,35.0,,latin_america_central,m_all,,,female,-99.0,,0.001207,0.0,0.0,0.0,0.0,2005.0,2005.0
1908,39.0,35.0,,sub-saharan_africa_west,m_all,,,female,-99.0,,0.0065888,0.0,0.0,0.0,0.0,2005.0,2005.0
1909,39.0,35.0,,asia_pacific_high_income,m_all,,,female,-99.0,,0.000649,0.0,0.0,0.0,0.0,2005.0,2005.0
1910,39.0,35.0,,oceania,m_all,,,female,-99.0,,0.0061101,0.0,0.0,0.0,0.0,2005.0,2005.0
1911,44.0,40.0,,latin_america_southern,m_all,,,female,-99.0,,0.0015248,0.0,0.0,0.0,0.0,2005.0,2005.0
1912,44.0,40.0,,asia_southeast,m_all,,,female,-99.0,,0.0028392,0.0,0.0,0.0,0.0,2005.0,2005.0
1913,44.0,40.0,,europe_central,m_all,,,female,-99.0,,0.0015925,0.0,0.0,0.0,0.0,2005.0,2005.0
1914,44.0,40.0,,latin_america_tropical,m_all,,,female,-99.0,,0.0019885,0.0,0.0,0.0,0.0,2005.0,2005.0
1915,44.0,40.0,,sub-saharan_africa_west,m_all,,,female,-99.0,,0.006877,0.0,0.0,0.0,0.0,2005.0,2005.0
1916,44.0,40.0,,north_america_high_income,m_all,,,female,-99.0,,0.0016648,0.0,0.0,0.0,0.0,2005.0,2005.0
1917,44.0,40.0,,asia_pacific_high_income,m_all,,,female,-99.0,,0.0009534,0.0,0.0,0.0,0.0,2005.0,2005.0
1918,44.0,40.0,,australasia,m_all,,,female,-99.0,,0.0009748,0.0,0.0,0.0,0.0,2005.0,2005.0
1919,44.0,40.0,,europe_eastern,m_all,,,female,-99.0,,0.0036687,0.0,0.0,0.0,0.0,2005.0,2005.0
1920,44.0,40.0,,sub-saharan_africa_central,m_all,,,female,-99.0,,0.0087542,0.0,0.0,0.0,0.0,2005.0,2005.0
1921,44.0,40.0,,europe_western,m_all,,,female,-99.0,,0.0010486,0.0,0.0,0.0,0.0,2005.0,2005.0
1922,44.0,40.0,,latin_america_andean,m_all,,,female,-99.0,,0.0019068,0.0,0.0,0.0,0.0,2005.0,2005.0
1923,44.0,40.0,,oceania,m_all,,,female,-99.0,,0.0072583,0.0,0.0,0.0,0.0,2005.0,2005.0
1924,44.0,40.0,,asia_central,m_all,,,female,-99.0,,0.0034893,0.0,0.0,0.0,0.0,2005.0,2005.0
1925,44.0,40.0,,sub-saharan_africa_east,m_all,,,female,-99.0,,0.0091498,0.0,0.0,0.0,0.0,2005.0,2005.0
1926,44.0,40.0,,sub-saharan_africa_southern,m_all,,,female,-99.0,,0.0148161,0.0,0.0,0.0,0.0,2005.0,2005.0
1927,44.0,40.0,,asia_south,m_all,,,female,-99.0,,0.0033229,0.0,0.0,0.0,0.0,2005.0,2005.0
1928,44.0,40.0,,north_africa_middle_east,m_all,,,female,-99.0,,0.0025622,0.0,0.0,0.0,0.0,2005.0,2005.0
1929,44.0,40.0,,latin_america_central,m_all,,,female,-99.0,,0.001822,0.0,0.0,0.0,0.0,2005.0,2005.0
1930,44.0,40.0,,caribbean,m_all,,,female,-99.0,,0.002928,0.0,0.0,0.0,0.0,2005.0,2005.0
1931,49.0,45.0,,sub-saharan_africa_west,m_all,,,female,-99.0,,0.0079389,0.0,0.0,0.0,0.0,2005.0,2005.0
1932,49.0,45.0,,north_africa_middle_east,m_all,,,female,-99.0,,0.0036551,0.0,0.0,0.0,0.0,2005.0,2005.0
1933,49.0,45.0,,oceania,m_all,,,female,-99.0,,0.0096578,0.0,0.0,0.0,0.0,2005.0,2005.0
1934,49.0,45.0,,asia_southeast,m_all,,,female,-99.0,,0.0039741,0.0,0.0,0.0,0.0,2005.0,2005.0
1935,49.0,45.0,,australasia,m_all,,,female,-99.0,,0.001544,0.0,0.0,0.0,0.0,2005.0,2005.0
1936,49.0,45.0,,asia_pacific_high_income,m_all,,,female,-99.0,,0.0014205,0.0,0.0,0.0,0.0,2005.0,2005.0
1937,49.0,45.0,,sub-saharan_africa_central,m_all,,,female,-99.0,,0.0099871,0.0,0.0,0.0,0.0,2005.0,2005.0
1938,49.0,45.0,,asia_east,m_all,,,female,-99.0,,0.0027225,0.0,0.0,0.0,0.0,2005.0,2005.0
1939,49.0,45.0,,latin_america_southern,m_all,,,female,-99.0,,0.0024206,0.0,0.0,0.0,0.0,2005.0,2005.0
1940,49.0,45.0,,asia_south,m_all,,,female,-99.0,,0.0045762,0.0,0.0,0.0,0.0,2005.0,2005.0
1941,49.0,45.0,,latin_america_andean,m_all,,,female,-99.0,,0.0026552,0.0,0.0,0.0,0.0,2005.0,2005.0
1942,49.0,45.0,,sub-saharan_africa_east,m_all,,,female,-99.0,,0.0099291,0.0,0.0,0.0,0.0,2005.0,2005.0
1943,49.0,45.0,,europe_central,m_all,,,female,-99.0,,0.0027708,0.0,0.0,0.0,0.0,2005.0,2005.0
1944,49.0,45.0,,north_america_high_income,m_all,,,female,-99.0,,0.0025201,0.0,0.0,0.0,0.0,2005.0,2005.0
1945,49.0,45.0,,caribbean,m_all,,,female,-99.0,,0.0042975,0.0,0.0,0.0,0.0,2005.0,2005.0
1946,49.0,45.0,,latin_america_tropical,m_all,,,female,-99.0,,0.0031371,0.0,0.0,0.0,0.0,2005.0,2005.0
1947,49.0,45.0,,latin_america_central,m_all,,,female,-99.0,,0.0027813,0.0,0.0,0.0,0.0,2005.0,2005.0
1948,49.0,45.0,,sub-saharan_africa_southern,m_all,,,female,-99.0,,0.0132918,0.0,0.0,0.0,0.0,2005.0,2005.0
1949,49.0,45.0,,asia_central,m_all,,,female,-99.0,,0.0048089,0.0,0.0,0.0,0.0,2005.0,2005.0
1950,49.0,45.0,,europe_western,m_all,,,female,-99.0,,0.0017454,0.0,0.0,0.0,0.0,2005.0,2005.0
1951,54.0,50.0,,oceania,m_all,,,female,-99.0,,0.0143071,0.0,0.0,0.0,0.0,2005.0,2005.0
1952,54.0,50.0,,asia_southeast,m_all,,,female,-99.0,,0.005892,0.0,0.0,0.0,0.0,2005.0,2005.0
1953,54.0,50.0,,asia_pacific_high_income,m_all,,,female,-99.0,,0.0021358,0.0,0.0,0.0,0.0,2005.0,2005.0
1954,54.0,50.0,,australasia,m_all,,,female,-99.0,,0.0022488,0.0,0.0,0.0,0.0,2005.0,2005.0
1955,54.0,50.0,,asia_central,m_all,,,female,-99.0,,0.0072169,0.0,0.0,0.0,0.0,2005.0,2005.0
1956,54.0,50.0,,latin_america_southern,m_all,,,female,-99.0,,0.0038393,0.0,0.0,0.0,0.0,2005.0,2005.0
1957,54.0,50.0,,caribbean,m_all,,,female,-99.0,,0.0061666,0.0,0.0,0.0,0.0,2005.0,2005.0
1958,54.0,50.0,,latin_america_central,m_all,,,female,-99.0,,0.0041815,0.0,0.0,0.0,0.0,2005.0,2005.0
1959,54.0,50.0,,north_america_high_income,m_all,,,female,-99.0,,0.003629,0.0,0.0,0.0,0.0,2005.0,2005.0
1960,54.0,50.0,,europe_western,m_all,,,female,-99.0,,0.002643,0.0,0.0,0.0,0.0,2005.0,2005.0
1961,54.0,50.0,,north_africa_middle_east,m_all,,,female,-99.0,,0.0057477,0.0,0.0,0.0,0.0,2005.0,2005.0
1962,54.0,50.0,,latin_america_andean,m_all,,,female,-99.0,,0.0038529,0.0,0.0,0.0,0.0,2005.0,2005.0
1963,54.0,50.0,,sub-saharan_africa_east,m_all,,,female,-99.0,,0.0125632,0.0,0.0,0.0,0.0,2005.0,2005.0
1964,54.0,50.0,,latin_america_tropical,m_all,,,female,-99.0,,0.0045909,0.0,0.0,0.0,0.0,2005.0,2005.0
1965,54.0,50.0,,europe_eastern,m_all,,,female,-99.0,,0.0077433,0.0,0.0,0.0,0.0,2005.0,2005.0
1966,54.0,50.0,,europe_central,m_all,,,female,-99.0,,0.0043044,0.0,0.0,0.0,0.0,2005.0,2005.0
1967,54.0,50.0,,asia_east,m_all,,,female,-99.0,,0.0042186,0.0,0.0,0.0,0.0,2005.0,2005.0
1968,54.0,50.0,,sub-saharan_africa_central,m_all,,,female,-99.0,,0.0132281,0.0,0.0,0.0,0.0,2005.0,2005.0
1969,54.0,50.0,,asia_south,m_all,,,female,-99.0,,0.0066811,0.0,0.0,0.0,0.0,2005.0,2005.0
1970,54.0,50.0,,sub-saharan_africa_west,m_all,,,female,-99.0,,0.0103365,0.0,0.0,0.0,0.0,2005.0,2005.0
1971,59.0,55.0,,north_africa_middle_east,m_all,,,female,-99.0,,0.0084012,0.0,0.0,0.0,0.0,2005.0,2005.0
1972,59.0,55.0,,oceania,m_all,,,female,-99.0,,0.0198997,0.0,0.0,0.0,0.0,2005.0,2005.0
1973,59.0,55.0,,europe_eastern,m_all,,,female,-99.0,,0.0113405,0.0,0.0,0.0,0.0,2005.0,2005.0
1974,59.0,55.0,,latin_america_andean,m_all,,,female,-99.0,,0.0057298,0.0,0.0,0.0,0.0,2005.0,2005.0
1975,59.0,55.0,,sub-saharan_africa_east,m_all,,,female,-99.0,,0.0159132,0.0,0.0,0.0,0.0,2005.0,2005.0
1976,59.0,55.0,,latin_america_tropical,m_all,,,female,-99.0,,0.0068614,0.0,0.0,0.0,0.0,2005.0,2005.0
1977,59.0,55.0,,asia_east,m_all,,,female,-99.0,,0.0063865,0.0,0.0,0.0,0.0,2005.0,2005.0
1978,59.0,55.0,,north_america_high_income,m_all,,,female,-99.0,,0.0054856,0.0,0.0,0.0,0.0,2005.0,2005.0
1979,59.0,55.0,,europe_western,m_all,,,female,-99.0,,0.0039268,0.0,0.0,0.0,0.0,2005.0,2005.0
1980,59.0,55.0,,asia_southeast,m_all,,,female,-99.0,,0.0085793,0.0,0.0,0.0,0.0,2005.0,2005.0
1981,59.0,55.0,,sub-saharan_africa_central,m_all,,,female,-99.0,,0.0171597,0.0,0.0,0.0,0.0,2005.0,2005.0
1982,59.0,55.0,,asia_pacific_high_income,m_all,,,female,-99.0,,0.0030942,0.0,0.0,0.0,0.0,2005.0,2005.0
1983,59.0,55.0,,europe_central,m_all,,,female,-99.0,,0.006427,0.0,0.0,0.0,0.0,2005.0,2005.0
1984,59.0,55.0,,asia_central,m_all,,,female,-99.0,,0.0103345,0.0,0.0,0.0,0.0,2005.0,2005.0
1985,59.0,55.0,,sub-saharan_africa_southern,m_all,,,female,-99.0,,0.0151584,0.0,0.0,0.0,0.0,2005.0,2005.0
1986,59.0,55.0,,latin_america_central,m_all,,,female,-99.0,,0.0066039,0.0,0.0,0.0,0.0,2005.0,2005.0
1987,59.0,55.0,,australasia,m_all,,,female,-99.0,,0.0034361,0.0,0.0,0.0,0.0,2005.0,2005.0
1988,59.0,55.0,,latin_america_southern,m_all,,,female,-99.0,,0.0057615,0.0,0.0,0.0,0.0,2005.0,2005.0
1989,59.0,55.0,,sub-saharan_africa_west,m_all,,,female,-99.0,,0.0133716,0.0,0.0,0.0,0.0,2005.0,2005.0
1990,59.0,55.0,,asia_south,m_all,,,female,-99.0,,0.010861,0.0,0.0,0.0,0.0,2005.0,2005.0
1991,64.0,60.0,,oceania,m_all,,,female,-99.0,,0.030441,0.0,0.0,0.0,0.0,2005.0,2005.0
1992,64.0,60.0,,asia_southeast,m_all,,,female,-99.0,,0.0136082,0.0,0.0,0.0,0.0,2005.0,2005.0
1993,64.0,60.0,,latin_america_tropical,m_all,,,female,-99.0,,0.0107329,0.0,0.0,0.0,0.0,2005.0,2005.0
1994,64.0,60.0,,asia_south,m_all,,,female,-99.0,,0.0175142,0.0,0.0,0.0,0.0,2005.0,2005.0
1995,64.0,60.0,,sub-saharan_africa_west,m_all,,,female,-99.0,,0.0210291,0.0,0.0,0.0,0.0,2005.0,2005.0
1996,64.0,60.0,,latin_america_andean,m_all,,,female,-99.0,,0.0090186,0.0,0.0,0.0,0.0,2005.0,2005.0
1997,64.0,60.0,,sub-saharan_africa_southern,m_all,,,female,-99.0,,0.0202365,0.0,0.0,0.0,0.0,2005.0,2005.0
1998,64.0,60.0,,asia_east,m_all,,,female,-99.0,,0.0103802,0.0,0.0,0.0,0.0,2005.0,2005.0
1999,64.0,60.0,,europe_eastern,m_all,,,female,-99.0,,0.0155383,0.0,0.0,0.0,0.0,2005.0,2005.0
2000,64.0,60.0,,asia_central,m_all,,,female,-99.0,,0.016287,0.0,0.0,0.0,0.0,2005.0,2005.0
2001,64.0,60.0,,europe_central,m_all,,,female,-99.0,,0.0099364,0.0,0.0,0.0,0.0,2005.0,2005.0
2002,64.0,60.0,,north_africa_middle_east,m_all,,,female,-99.0,,0.013875,0.0,0.0,0.0,0.0,2005.0,2005.0
2003,64.0,60.0,,north_america_high_income,m_all,,,female,-99.0,,0.0087419,0.0,0.0,0.0,0.0,2005.0,2005.0
2004,64.0,60.0,,australasia,m_all,,,female,-99.0,,0.0055555,0.0,0.0,0.0,0.0,2005.0,2005.0
2005,64.0,60.0,,sub-saharan_africa_central,m_all,,,female,-99.0,,0.0278657,0.0,0.0,0.0,0.0,2005.0,2005.0
2006,64.0,60.0,,sub-saharan_africa_east,m_all,,,female,-99.0,,0.0243525,0.0,0.0,0.0,0.0,2005.0,2005.0
2007,64.0,60.0,,latin_america_central,m_all,,,female,-99.0,,0.0104129,0.0,0.0,0.0,0.0,2005.0,2005.0
2008,64.0,60.0,,europe_western,m_all,,,female,-99.0,,0.0058762,0.0,0.0,0.0,0.0,2005.0,2005.0
2009,64.0,60.0,,asia_pacific_high_income,m_all,,,female,-99.0,,0.0045567,0.0,0.0,0.0,0.0,2005.0,2005.0
2010,64.0,60.0,,caribbean,m_all,,,female,-99.0,,0.0136831,0.0,0.0,0.0,0.0,2005.0,2005.0
2011,69.0,65.0,,caribbean,m_all,,,female,-99.0,,0.0208118,0.0,0.0,0.0,0.0,2005.0,2005.0
2012,69.0,65.0,,europe_central,m_all,,,female,-99.0,,0.0160102,0.0,0.0,0.0,0.0,2005.0,2005.0
2013,69.0,65.0,,asia_southeast,m_all,,,female,-99.0,,0.0209556,0.0,0.0,0.0,0.0,2005.0,2005.0
2014,69.0,65.0,,sub-saharan_africa_east,m_all,,,female,-99.0,,0.0347605,0.0,0.0,0.0,0.0,2005.0,2005.0
2015,69.0,65.0,,north_africa_middle_east,m_all,,,female,-99.0,,0.0209102,0.0,0.0,0.0,0.0,2005.0,2005.0
2016,69.0,65.0,,europe_eastern,m_all,,,female,-99.0,,0.0236727,0.0,0.0,0.0,0.0,2005.0,2005.0
2017,69.0,65.0,,europe_western,m_all,,,female,-99.0,,0.0092335,0.0,0.0,0.0,0.0,2005.0,2005.0
2018,69.0,65.0,,latin_america_southern,m_all,,,female,-99.0,,0.0129199,0.0,0.0,0.0,0.0,2005.0,2005.0
2019,69.0,65.0,,asia_pacific_high_income,m_all,,,female,-99.0,,0.0072581,0.0,0.0,0.0,0.0,2005.0,2005.0
2020,69.0,65.0,,oceania,m_all,,,female,-99.0,,0.0460899,0.0,0.0,0.0,0.0,2005.0,2005.0
2021,69.0,65.0,,latin_america_tropical,m_all,,,female,-99.0,,0.0166201,0.0,0.0,0.0,0.0,2005.0,2005.0
2022,69.0,65.0,,asia_central,m_all,,,female,-99.0,,0.0248939,0.0,0.0,0.0,0.0,2005.0,2005.0
2023,69.0,65.0,,asia_east,m_all,,,female,-99.0,,0.0170781,0.0,0.0,0.0,0.0,2005.0,2005.0
2024,69.0,65.0,,sub-saharan_africa_southern,m_all,,,female,-99.0,,0.0271914,0.0,0.0,0.0,0.0,2005.0,2005.0
2025,69.0,65.0,,latin_america_central,m_all,,,female,-99.0,,0.0163761,0.0,0.0,0.0,0.0,2005.0,2005.0
2026,69.0,65.0,,sub-saharan_africa_west,m_all,,,female,-99.0,,0.0299287,0.0,0.0,0.0,0.0,2005.0,2005.0
2027,69.0,65.0,,asia_south,m_all,,,female,-99.0,,0.0277088,0.0,0.0,0.0,0.0,2005.0,2005.0
2028,69.0,65.0,,latin_america_andean,m_all,,,female,-99.0,,0.0139637,0.0,0.0,0.0,0.0,2005.0,2005.0
2029,69.0,65.0,,sub-saharan_africa_central,m_all,,,female,-99.0,,0.0388342,0.0,0.0,0.0,0.0,2005.0,2005.0
2030,69.0,65.0,,north_america_high_income,m_all,,,female,-99.0,,0.0134351,0.0,0.0,0.0,0.0,2005.0,2005.0
2031,74.0,70.0,,sub-saharan_africa_central,m_all,,,female,-99.0,,0.0610185,0.0,0.0,0.0,0.0,2005.0,2005.0
2032,74.0,70.0,,europe_eastern,m_all,,,female,-99.0,,0.0381924,0.0,0.0,0.0,0.0,2005.0,2005.0
2033,74.0,70.0,,asia_southeast,m_all,,,female,-99.0,,0.034094,0.0,0.0,0.0,0.0,2005.0,2005.0
2034,74.0,70.0,,caribbean,m_all,,,female,-99.0,,0.0334486,0.0,0.0,0.0,0.0,2005.0,2005.0
2035,74.0,70.0,,asia_south,m_all,,,female,-99.0,,0.0446001,0.0,0.0,0.0,0.0,2005.0,2005.0
2036,74.0,70.0,,latin_america_tropical,m_all,,,female,-99.0,,0.0267698,0.0,0.0,0.0,0.0,2005.0,2005.0
2037,74.0,70.0,,sub-saharan_africa_southern,m_all,,,female,-99.0,,0.0444983,0.0,0.0,0.0,0.0,2005.0,2005.0
2038,74.0,70.0,,latin_america_southern,m_all,,,female,-99.0,,0.0209515,0.0,0.0,0.0,0.0,2005.0,2005.0
2039,74.0,70.0,,asia_east,m_all,,,female,-99.0,,0.0295265,0.0,0.0,0.0,0.0,2005.0,2005.0
2040,74.0,70.0,,sub-saharan_africa_west,m_all,,,female,-99.0,,0.0476507,0.0,0.0,0.0,0.0,2005.0,2005.0
2041,74.0,70.0,,europe_western,m_all,,,female,-99.0,,0.0159222,0.0,0.0,0.0,0.0,2005.0,2005.0
2042,74.0,70.0,,sub-saharan_africa_east,m_all,,,female,-99.0,,0.0528929,0.0,0.0,0.0,0.0,2005.0,2005.0
2043,74.0,70.0,,north_africa_middle_east,m_all,,,female,-99.0,,0.034262,0.0,0.0,0.0,0.0,2005.0,2005.0
2044,74.0,70.0,,north_america_high_income,m_all,,,female,-99.0,,0.021214,0.0,0.0,0.0,0.0,2005.0,2005.0
2045,74.0,70.0,,asia_central,m_all,,,female,-99.0,,0.0402692,0.0,0.0,0.0,0.0,2005.0,2005.0
2046,74.0,70.0,,oceania,m_all,,,female,-99.0,,0.0709042,0.0,0.0,0.0,0.0,2005.0,2005.0
2047,74.0,70.0,,latin_america_andean,m_all,,,female,-99.0,,0.023198,0.0,0.0,0.0,0.0,2005.0,2005.0
2048,74.0,70.0,,europe_central,m_all,,,female,-99.0,,0.0279578,0.0,0.0,0.0,0.0,2005.0,2005.0
2049,74.0,70.0,,asia_pacific_high_income,m_all,,,female,-99.0,,0.0125005,0.0,0.0,0.0,0.0,2005.0,2005.0
2050,74.0,70.0,,latin_america_central,m_all,,,female,-99.0,,0.0244752,0.0,0.0,0.0,0.0,2005.0,2005.0
2051,79.0,75.0,,caribbean,m_all,,,female,-99.0,,0.0510963,0.0,0.0,0.0,0.0,2005.0,2005.0
2052,79.0,75.0,,europe_western,m_all,,,female,-99.0,,0.029544,0.0,0.0,0.0,0.0,2005.0,2005.0
2053,79.0,75.0,,sub-saharan_africa_central,m_all,,,female,-99.0,,0.0842568,0.0,0.0,0.0,0.0,2005.0,2005.0
2054,79.0,75.0,,latin_america_southern,m_all,,,female,-99.0,,0.0359679,0.0,0.0,0.0,0.0,2005.0,2005.0
2055,79.0,75.0,,asia_southeast,m_all,,,female,-99.0,,0.055078,0.0,0.0,0.0,0.0,2005.0,2005.0
2056,79.0,75.0,,europe_central,m_all,,,female,-99.0,,0.0499705,0.0,0.0,0.0,0.0,2005.0,2005.0
2057,79.0,75.0,,asia_central,m_all,,,female,-99.0,,0.0637028,0.0,0.0,0.0,0.0,2005.0,2005.0
2058,79.0,75.0,,sub-saharan_africa_southern,m_all,,,female,-99.0,,0.0708321,0.0,0.0,0.0,0.0,2005.0,2005.0
2059,79.0,75.0,,australasia,m_all,,,female,-99.0,,0.0265044,0.0,0.0,0.0,0.0,2005.0,2005.0
2060,79.0,75.0,,asia_east,m_all,,,female,-99.0,,0.050502,0.0,0.0,0.0,0.0,2005.0,2005.0
2061,79.0,75.0,,north_africa_middle_east,m_all,,,female,-99.0,,0.05484,0.0,0.0,0.0,0.0,2005.0,2005.0
2062,79.0,75.0,,europe_eastern,m_all,,,female,-99.0,,0.064976,0.0,0.0,0.0,0.0,2005.0,2005.0
2063,79.0,75.0,,sub-saharan_africa_east,m_all,,,female,-99.0,,0.0761488,0.0,0.0,0.0,0.0,2005.0,2005.0
2064,79.0,75.0,,sub-saharan_africa_west,m_all,,,female,-99.0,,0.0704789,0.0,0.0,0.0,0.0,2005.0,2005.0
2065,79.0,75.0,,asia_pacific_high_income,m_all,,,female,-99.0,,0.0224553,0.0,0.0,0.0,0.0,2005.0,2005.0
2066,79.0,75.0,,asia_south,m_all,,,female,-99.0,,0.0653748,0.0,0.0,0.0,0.0,2005.0,2005.0
2067,79.0,75.0,,north_america_high_income,m_all,,,female,-99.0,,0.0341624,0.0,0.0,0.0,0.0,2005.0,2005.0
2068,79.0,75.0,,oceania,m_all,,,female,-99.0,,0.1036564,0.0,0.0,0.0,0.0,2005.0,2005.0
2069,79.0,75.0,,latin_america_tropical,m_all,,,female,-99.0,,0.0419932,0.0,0.0,0.0,0.0,2005.0,2005.0
2070,79.0,75.0,,latin_america_andean,m_all,,,female,-99.0,,0.0382205,0.0,0.0,0.0,0.0,2005.0,2005.0
2071,84.0,80.0,,oceania,m_all,,,female,-99.0,,0.1478727,0.0,0.0,0.0,0.0,2005.0,2005.0
2072,84.0,80.0,,latin_america_andean,m_all,,,female,-99.0,,0.0627055,0.0,0.0,0.0,0.0,2005.0,2005.0
2073,84.0,80.0,,asia_southeast,m_all,,,female,-99.0,,0.0899789,0.0,0.0,0.0,0.0,2005.0,2005.0
2074,84.0,80.0,,asia_pacific_high_income,m_all,,,female,-99.0,,0.0428735,0.0,0.0,0.0,0.0,2005.0,2005.0
2075,84.0,80.0,,asia_east,m_all,,,female,-99.0,,0.0852527,0.0,0.0,0.0,0.0,2005.0,2005.0
2076,84.0,80.0,,europe_western,m_all,,,female,-99.0,,0.0581041,0.0,0.0,0.0,0.0,2005.0,2005.0
2077,84.0,80.0,,north_africa_middle_east,m_all,,,female,-99.0,,0.0896837,0.0,0.0,0.0,0.0,2005.0,2005.0
2078,84.0,80.0,,europe_central,m_all,,,female,-99.0,,0.0911931,0.0,0.0,0.0,0.0,2005.0,2005.0
2079,84.0,80.0,,sub-saharan_africa_east,m_all,,,female,-99.0,,0.105467,0.0,0.0,0.0,0.0,2005.0,2005.0
2080,84.0,80.0,,north_america_high_income,m_all,,,female,-99.0,,0.0575867,0.0,0.0,0.0,0.0,2005.0,2005.0
2081,84.0,80.0,,sub-saharan_africa_central,m_all,,,female,-99.0,,0.1104292,0.0,0.0,0.0,0.0,2005.0,2005.0
2082,84.0,80.0,,asia_south,m_all,,,female,-99.0,,0.094759,0.0,0.0,0.0,0.0,2005.0,2005.0
2083,84.0,80.0,,latin_america_central,m_all,,,female,-99.0,,0.0609029,0.0,0.0,0.0,0.0,2005.0,2005.0
2084,84.0,80.0,,australasia,m_all,,,female,-99.0,,0.0504005,0.0,0.0,0.0,0.0,2005.0,2005.0
2085,84.0,80.0,,caribbean,m_all,,,female,-99.0,,0.0855636,0.0,0.0,0.0,0.0,2005.0,2005.0
2086,84.0,80.0,,latin_america_tropical,m_all,,,female,-99.0,,0.06805,0.0,0.0,0.0,0.0,2005.0,2005.0
2087,84.0,80.0,,sub-saharan_africa_west,m_all,,,female,-99.0,,0.100065,0.0,0.0,0.0,0.0,2005.0,2005.0
2088,84.0,80.0,,europe_eastern,m_all,,,female,-99.0,,0.1091992,0.0,0.0,0.0,0.0,2005.0,2005.0
2089,84.0,80.0,,asia_central,m_all,,,female,-99.0,,0.0974193,0.0,0.0,0.0,0.0,2005.0,2005.0
2090,84.0,80.0,,latin_america_southern,m_all,,,female,-99.0,,0.0643918,0.0,0.0,0.0,0.0,2005.0,2005.0
2091,89.0,85.0,,asia_south,m_all,,,female,-99.0,,0.1576482,0.0,0.0,0.0,0.0,2005.0,2005.0
2092,89.0,85.0,,oceania,m_all,,,female,-99.0,,0.2139985,0.0,0.0,0.0,0.0,2005.0,2005.0
2093,89.0,85.0,,europe_eastern,m_all,,,female,-99.0,,0.1745353,0.0,0.0,0.0,0.0,2005.0,2005.0
2094,89.0,85.0,,latin_america_andean,m_all,,,female,-99.0,,0.1140453,0.0,0.0,0.0,0.0,2005.0,2005.0
2095,89.0,85.0,,europe_central,m_all,,,female,-99.0,,0.1515545,0.0,0.0,0.0,0.0,2005.0,2005.0
2096,89.0,85.0,,latin_america_southern,m_all,,,female,-99.0,,0.1184387,0.0,0.0,0.0,0.0,2005.0,2005.0
2097,89.0,85.0,,sub-saharan_africa_west,m_all,,,female,-99.0,,0.1635135,0.0,0.0,0.0,0.0,2005.0,2005.0
2098,89.0,85.0,,sub-saharan_africa_central,m_all,,,female,-99.0,,0.1754971,0.0,0.0,0.0,0.0,2005.0,2005.0
2099,89.0,85.0,,asia_central,m_all,,,female,-99.0,,0.1600494,0.0,0.0,0.0,0.0,2005.0,2005.0
2100,89.0,85.0,,australasia,m_all,,,female,-99.0,,0.0987039,0.0,0.0,0.0,0.0,2005.0,2005.0
2101,89.0,85.0,,asia_east,m_all,,,female,-99.0,,0.1457433,0.0,0.0,0.0,0.0,2005.0,2005.0
2102,89.0,85.0,,asia_southeast,m_all,,,female,-99.0,,0.1491425,0.0,0.0,0.0,0.0,2005.0,2005.0
2103,89.0,85.0,,asia_pacific_high_income,m_all,,,female,-99.0,,0.0855236,0.0,0.0,0.0,0.0,2005.0,2005.0
2104,89.0,85.0,,caribbean,m_all,,,female,-99.0,,0.141127,0.0,0.0,0.0,0.0,2005.0,2005.0
2105,89.0,85.0,,latin_america_tropical,m_all,,,female,-99.0,,0.1234222,0.0,0.0,0.0,0.0,2005.0,2005.0
2106,89.0,85.0,,north_africa_middle_east,m_all,,,female,-99.0,,0.1499554,0.0,0.0,0.0,0.0,2005.0,2005.0
2107,89.0,85.0,,latin_america_central,m_all,,,female,-99.0,,0.1133465,0.0,0.0,0.0,0.0,2005.0,2005.0
2108,89.0,85.0,,north_america_high_income,m_all,,,female,-99.0,,0.1091242,0.0,0.0,0.0,0.0,2005.0,2005.0
2109,89.0,85.0,,sub-saharan_africa_east,m_all,,,female,-99.0,,0.1702834,0.0,0.0,0.0,0.0,2005.0,2005.0
2110,89.0,85.0,,europe_western,m_all,,,female,-99.0,,0.1101622,0.0,0.0,0.0,0.0,2005.0,2005.0
2111,94.0,90.0,,europe_western,m_all,,,female,-99.0,,0.1935652,0.0,0.0,0.0,0.0,2005.0,2005.0
2112,94.0,90.0,,australasia,m_all,,,female,-99.0,,0.1816418,0.0,0.0,0.0,0.0,2005.0,2005.0
2113,94.0,90.0,,europe_central,m_all,,,female,-99.0,,0.2391264,0.0,0.0,0.0,0.0,2005.0,2005.0
2114,94.0,90.0,,north_america_high_income,m_all,,,female,-99.0,,0.1939012,0.0,0.0,0.0,0.0,2005.0,2005.0
2115,94.0,90.0,,latin_america_tropical,m_all,,,female,-99.0,,0.209966,0.0,0.0,0.0,0.0,2005.0,2005.0
2116,94.0,90.0,,sub-saharan_africa_southern,m_all,,,female,-99.0,,0.2649569,0.0,0.0,0.0,0.0,2005.0,2005.0
2117,94.0,90.0,,europe_eastern,m_all,,,female,-99.0,,0.263975,0.0,0.0,0.0,0.0,2005.0,2005.0
2118,94.0,90.0,,sub-saharan_africa_west,m_all,,,female,-99.0,,0.2522926,0.0,0.0,0.0,0.0,2005.0,2005.0
2119,94.0,90.0,,oceania,m_all,,,female,-99.0,,0.3029727,0.0,0.0,0.0,0.0,2005.0,2005.0
2120,94.0,90.0,,sub-saharan_africa_east,m_all,,,female,-99.0,,0.2605108,0.0,0.0,0.0,0.0,2005.0,2005.0
2121,94.0,90.0,,north_africa_middle_east,m_all,,,female,-99.0,,0.2379683,0.0,0.0,0.0,0.0,2005.0,2005.0
2122,94.0,90.0,,asia_south,m_all,,,female,-99.0,,0.2470948,0.0,0.0,0.0,0.0,2005.0,2005.0
2123,94.0,90.0,,asia_southeast,m_all,,,female,-99.0,,0.2335953,0.0,0.0,0.0,0.0,2005.0,2005.0
2124,94.0,90.0,,asia_central,m_all,,,female,-99.0,,0.24986,0.0,0.0,0.0,0.0,2005.0,2005.0
2125,94.0,90.0,,asia_pacific_high_income,m_all,,,female,-99.0,,0.1638303,0.0,0.0,0.0,0.0,2005.0,2005.0
2126,94.0,90.0,,latin_america_central,m_all,,,female,-99.0,,0.1981015,0.0,0.0,0.0,0.0,2005.0,2005.0
2127,94.0,90.0,,asia_east,m_all,,,female,-99.0,,0.2340471,0.0,0.0,0.0,0.0,2005.0,2005.0
2128,94.0,90.0,,sub-saharan_africa_central,m_all,,,female,-99.0,,0.2644623,0.0,0.0,0.0,0.0,2005.0,2005.0
2129,94.0,90.0,,caribbean,m_all,,,female,-99.0,,0.2252476,0.0,0.0,0.0,0.0,2005.0,2005.0
2130,94.0,90.0,,latin_america_southern,m_all,,,female,-99.0,,0.2042439,0.0,0.0,0.0,0.0,2005.0,2005.0
2131,99.0,95.0,,caribbean,m_all,,,female,-99.0,,0.3438334,0.0,0.0,0.0,0.0,2005.0,2005.0
2132,99.0,95.0,,asia_southeast,m_all,,,female,-99.0,,0.3505602,0.0,0.0,0.0,0.0,2005.0,2005.0
2133,99.0,95.0,,asia_pacific_high_income,m_all,,,female,-99.0,,0.2844291,0.0,0.0,0.0,0.0,2005.0,2005.0
2134,99.0,95.0,,sub-saharan_africa_west,m_all,,,female,-99.0,,0.3713963,0.0,0.0,0.0,0.0,2005.0,2005.0
2135,99.0,95.0,,sub-saharan_africa_east,m_all,,,female,-99.0,,0.3790055,0.0,0.0,0.0,0.0,2005.0,2005.0
2136,99.0,95.0,,asia_east,m_all,,,female,-99.0,,0.3540908,0.0,0.0,0.0,0.0,2005.0,2005.0
2137,99.0,95.0,,north_africa_middle_east,m_all,,,female,-99.0,,0.3571668,0.0,0.0,0.0,0.0,2005.0,2005.0
2138,99.0,95.0,,north_america_high_income,m_all,,,female,-99.0,,0.3164918,0.0,0.0,0.0,0.0,2005.0,2005.0
2139,99.0,95.0,,latin_america_southern,m_all,,,female,-99.0,,0.3266606,0.0,0.0,0.0,0.0,2005.0,2005.0
2140,99.0,95.0,,asia_central,m_all,,,female,-99.0,,0.3705517,0.0,0.0,0.0,0.0,2005.0,2005.0
2141,99.0,95.0,,oceania,m_all,,,female,-99.0,,0.4152669,0.0,0.0,0.0,0.0,2005.0,2005.0
2142,99.0,95.0,,europe_western,m_all,,,female,-99.0,,0.315303,0.0,0.0,0.0,0.0,2005.0,2005.0
2143,99.0,95.0,,latin_america_central,m_all,,,female,-99.0,,0.3198689,0.0,0.0,0.0,0.0,2005.0,2005.0
2144,99.0,95.0,,sub-saharan_africa_central,m_all,,,female,-99.0,,0.3820854,0.0,0.0,0.0,0.0,2005.0,2005.0
2145,99.0,95.0,,latin_america_andean,m_all,,,female,-99.0,,0.31738,0.0,0.0,0.0,0.0,2005.0,2005.0
2146,99.0,95.0,,europe_eastern,m_all,,,female,-99.0,,0.3818939,0.0,0.0,0.0,0.0,2005.0,2005.0
2147,99.0,95.0,,latin_america_tropical,m_all,,,female,-99.0,,0.3321188,0.0,0.0,0.0,0.0,2005.0,2005.0
2148,99.0,95.0,,asia_south,m_all,,,female,-99.0,,0.3674086,0.0,0.0,0.0,0.0,2005.0,2005.0
2149,99.0,95.0,,europe_central,m_all,,,female,-99.0,,0.3580746,0.0,0.0,0.0,0.0,2005.0,2005.0
2150,99.0,95.0,,sub-saharan_africa_southern,m_all,,,female,-99.0,,0.3832052,0.0,0.0,0.0,0.0,2005.0,2005.0
2151,101.0,100.0,,latin_america_andean,m_all,,,female,-99.0,,0.4800921,0.0,0.0,0.0,0.0,2005.0,2005.0
2152,101.0,100.0,,sub-saharan_africa_east,m_all,,,female,-99.0,,0.5256566,0.0,0.0,0.0,0.0,2005.0,2005.0
2153,101.0,100.0,,sub-saharan_africa_west,m_all,,,female,-99.0,,0.5195377,0.0,0.0,0.0,0.0,2005.0,2005.0
2154,101.0,100.0,,latin_america_southern,m_all,,,female,-99.0,,0.4883335,0.0,0.0,0.0,0.0,2005.0,2005.0
2155,101.0,100.0,,sub-saharan_africa_southern,m_all,,,female,-99.0,,0.5275632,0.0,0.0,0.0,0.0,2005.0,2005.0
2156,101.0,100.0,,oceania,m_all,,,female,-99.0,,0.5398501,0.0,0.0,0.0,0.0,2005.0,2005.0
2157,101.0,100.0,,asia_south,m_all,,,female,-99.0,,0.5170079,0.0,0.0,0.0,0.0,2005.0,2005.0
2158,101.0,100.0,,europe_central,m_all,,,female,-99.0,,0.5093881,0.0,0.0,0.0,0.0,2005.0,2005.0
2159,101.0,100.0,,asia_southeast,m_all,,,female,-99.0,,0.5031277,0.0,0.0,0.0,0.0,2005.0,2005.0
2160,101.0,100.0,,north_africa_middle_east,m_all,,,female,-99.0,,0.5095689,0.0,0.0,0.0,0.0,2005.0,2005.0
2161,101.0,100.0,,australasia,m_all,,,female,-99.0,,0.4719977,0.0,0.0,0.0,0.0,2005.0,2005.0
2162,101.0,100.0,,asia_central,m_all,,,female,-99.0,,0.5197313,0.0,0.0,0.0,0.0,2005.0,2005.0
2163,101.0,100.0,,north_america_high_income,m_all,,,female,-99.0,,0.4812742,0.0,0.0,0.0,0.0,2005.0,2005.0
2164,101.0,100.0,,caribbean,m_all,,,female,-99.0,,0.499181,0.0,0.0,0.0,0.0,2005.0,2005.0
2165,101.0,100.0,,asia_pacific_high_income,m_all,,,female,-99.0,,0.4565341,0.0,0.0,0.0,0.0,2005.0,2005.0
2166,101.0,100.0,,europe_western,m_all,,,female,-99.0,,0.4801346,0.0,0.0,0.0,0.0,2005.0,2005.0
2167,101.0,100.0,,latin_america_tropical,m_all,,,female,-99.0,,0.4923385,0.0,0.0,0.0,0.0,2005.0,2005.0
2168,101.0,100.0,,latin_america_central,m_all,,,female,-99.0,,0.4829312,0.0,0.0,0.0,0.0,2005.0,2005.0
2169,101.0,100.0,,asia_east,m_all,,,female,-99.0,,0.5067645,0.0,0.0,0.0,0.0,2005.0,2005.0
2170,101.0,100.0,,sub-saharan_africa_central,m_all,,,female,-99.0,,0.5265885,0.0,0.0,0.0,0.0,2005.0,2005.0
2171,0.0,0.0,,asia_pacific_high_income,m_all,,,male,-99.0,,0.0061652,0.0,0.0,0.0,0.0,1990.0,1990.0
2172,0.0,0.0,,latin_america_andean,m_all,,,male,-99.0,,0.0607373,0.0,0.0,0.0,0.0,1990.0,1990.0
2173,0.0,0.0,,caribbean,m_all,,,male,-99.0,,0.06357,0.0,0.0,0.0,0.0,1990.0,1990.0
2174,0.0,0.0,,asia_southeast,m_all,,,male,-99.0,,0.0543077,0.0,0.0,0.0,0.0,1990.0,1990.0
2175,0.0,0.0,,europe_central,m_all,,,male,-99.0,,0.019847,0.0,0.0,0.0,0.0,1990.0,1990.0
2176,0.0,0.0,,asia_central,m_all,,,male,-99.0,,0.060832,0.0,0.0,0.0,0.0,1990.0,1990.0
2177,0.0,0.0,,latin_america_central,m_all,,,male,-99.0,,0.0347844,0.0,0.0,0.0,0.0,1990.0,1990.0
2178,0.0,0.0,,sub-saharan_africa_east,m_all,,,male,-99.0,,0.1413691,0.0,0.0,0.0,0.0,1990.0,1990.0
2179,0.0,0.0,,asia_east,m_all,,,male,-99.0,,0.0370438,0.0,0.0,0.0,0.0,1990.0,1990.0
2180,0.0,0.0,,europe_eastern,m_all,,,male,-99.0,,0.0227405,0.0,0.0,0.0,0.0,1990.0,1990.0
2181,0.0,0.0,,north_america_high_income,m_all,,,male,-99.0,,0.0105329,0.0,0.0,0.0,0.0,1990.0,1990.0
2182,0.0,0.0,,sub-saharan_africa_southern,m_all,,,male,-99.0,,0.0574415,0.0,0.0,0.0,0.0,1990.0,1990.0
2183,0.0,0.0,,asia_south,m_all,,,male,-99.0,,0.0981222,0.0,0.0,0.0,0.0,1990.0,1990.0
2184,0.0,0.0,,latin_america_tropical,m_all,,,male,-99.0,,0.0526828,0.0,0.0,0.0,0.0,1990.0,1990.0
2185,0.0,0.0,,oceania,m_all,,,male,-99.0,,0.0656696,0.0,0.0,0.0,0.0,1990.0,1990.0
2186,0.0,0.0,,australasia,m_all,,,male,-99.0,,0.0091768,0.0,0.0,0.0,0.0,1990.0,1990.0
2187,0.0,0.0,,north_africa_middle_east,m_all,,,male,-99.0,,0.0621958,0.0,0.0,0.0,0.0,1990.0,1990.0
2188,0.0,0.0,,europe_western,m_all,,,male,-99.0,,0.008814,0.0,0.0,0.0,0.0,1990.0,1990.0
2189,0.0,0.0,,sub-saharan_africa_central,m_all,,,male,-99.0,,0.1641684,0.0,0.0,0.0,0.0,1990.0,1990.0
2190,0.0,0.0,,sub-saharan_africa_west,m_all,,,male,-99.0,,0.1753684,0.0,0.0,0.0,0.0,1990.0,1990.0
2191,4.0,1.0,,asia_southeast,m_all,,,male,-99.0,,0.0042431,0.0,0.0,0.0,0.0,1990.0,1990.0
2192,4.0,1.0,,caribbean,m_all,,,male,-99.0,,0.0032469,0.0,0.0,0.0,0.0,1990.0,1990.0
2193,4.0,1.0,,latin_america_tropical,m_all,,,male,-99.0,,0.0019514,0.0,0.0,0.0,0.0,1990.0,1990.0
2194,4.0,1.0,,europe_western,m_all,,,male,-99.0,,0.0004388,0.0,0.0,0.0,0.0,1990.0,1990.0
2195,4.0,1.0,,sub-saharan_africa_east,m_all,,,male,-99.0,,0.0135862,0.0,0.0,0.0,0.0,1990.0,1990.0
2196,4.0,1.0,,sub-saharan_africa_west,m_all,,,male,-99.0,,0.0164253,0.0,0.0,0.0,0.0,1990.0,1990.0
2197,4.0,1.0,,north_africa_middle_east,m_all,,,male,-99.0,,0.0042111,0.0,0.0,0.0,0.0,1990.0,1990.0
2198,4.0,1.0,,sub-saharan_africa_southern,m_all,,,male,-99.0,,0.0035118,0.0,0.0,0.0,0.0,1990.0,1990.0
2199,4.0,1.0,,asia_east,m_all,,,male,-99.0,,0.0019861,0.0,0.0,0.0,0.0,1990.0,1990.0
2200,4.0,1.0,,latin_america_andean,m_all,,,male,-99.0,,0.0052967,0.0,0.0,0.0,0.0,1990.0,1990.0
2201,4.0,1.0,,sub-saharan_africa_central,m_all,,,male,-99.0,,0.0166365,0.0,0.0,0.0,0.0,1990.0,1990.0
2202,4.0,1.0,,north_america_high_income,m_all,,,male,-99.0,,0.0005152,0.0,0.0,0.0,0.0,1990.0,1990.0
2203,4.0,1.0,,australasia,m_all,,,male,-99.0,,0.0004754,0.0,0.0,0.0,0.0,1990.0,1990.0
2204,4.0,1.0,,europe_central,m_all,,,male,-99.0,,0.0008774,0.0,0.0,0.0,0.0,1990.0,1990.0
2205,4.0,1.0,,oceania,m_all,,,male,-99.0,,0.0040794,0.0,0.0,0.0,0.0,1990.0,1990.0
2206,4.0,1.0,,latin_america_southern,m_all,,,male,-99.0,,0.0010083,0.0,0.0,0.0,0.0,1990.0,1990.0
2207,4.0,1.0,,europe_eastern,m_all,,,male,-99.0,,0.0014086,0.0,0.0,0.0,0.0,1990.0,1990.0
2208,4.0,1.0,,asia_south,m_all,,,male,-99.0,,0.0059266,0.0,0.0,0.0,0.0,1990.0,1990.0
2209,4.0,1.0,,asia_central,m_all,,,male,-99.0,,0.0042972,0.0,0.0,0.0,0.0,1990.0,1990.0
2210,4.0,1.0,,latin_america_central,m_all,,,male,-99.0,,0.0028704,0.0,0.0,0.0,0.0,1990.0,1990.0
2211,9.0,5.0,,north_africa_middle_east,m_all,,,male,-99.0,,0.0009493,0.0,0.0,0.0,0.0,1990.0,1990.0
2212,9.0,5.0,,asia_central,m_all,,,male,-99.0,,0.0009416,0.0,0.0,0.0,0.0,1990.0,1990.0
2213,9.0,5.0,,sub-saharan_africa_east,m_all,,,male,-99.0,,0.0022207,0.0,0.0,0.0,0.0,1990.0,1990.0
2214,9.0,5.0,,asia_east,m_all,,,male,-99.0,,0.000624,0.0,0.0,0.0,0.0,1990.0,1990.0
2215,9.0,5.0,,asia_south,m_all,,,male,-99.0,,0.0020914,0.0,0.0,0.0,0.0,1990.0,1990.0
2216,9.0,5.0,,north_america_high_income,m_all,,,male,-99.0,,0.0002573,0.0,0.0,0.0,0.0,1990.0,1990.0
2217,9.0,5.0,,sub-saharan_africa_west,m_all,,,male,-99.0,,0.0026696,0.0,0.0,0.0,0.0,1990.0,1990.0
2218,9.0,5.0,,australasia,m_all,,,male,-99.0,,0.0002287,0.0,0.0,0.0,0.0,1990.0,1990.0
2219,9.0,5.0,,europe_central,m_all,,,male,-99.0,,0.0004061,0.0,0.0,0.0,0.0,1990.0,1990.0
2220,9.0,5.0,,caribbean,m_all,,,male,-99.0,,0.0008971,0.0,0.0,0.0,0.0,1990.0,1990.0
2221,9.0,5.0,,latin_america_andean,m_all,,,male,-99.0,,0.001125,0.0,0.0,0.0,0.0,1990.0,1990.0
2222,9.0,5.0,,sub-saharan_africa_southern,m_all,,,male,-99.0,,0.0008343,0.0,0.0,0.0,0.0,1990.0,1990.0
2223,9.0,5.0,,sub-saharan_africa_central,m_all,,,male,-99.0,,0.0026749,0.0,0.0,0.0,0.0,1990.0,1990.0
2224,9.0,5.0,,latin_america_central,m_all,,,male,-99.0,,0.0006633,0.0,0.0,0.0,0.0,1990.0,1990.0
2225,9.0,5.0,,asia_southeast,m_all,,,male,-99.0,,0.0010042,0.0,0.0,0.0,0.0,1990.0,1990.0
2226,9.0,5.0,,europe_western,m_all,,,male,-99.0,,0.0002318,0.0,0.0,0.0,0.0,1990.0,1990.0
2227,9.0,5.0,,europe_eastern,m_all,,,male,-99.0,,0.0007655,0.0,0.0,0.0,0.0,1990.0,1990.0
2228,9.0,5.0,,latin_america_tropical,m_all,,,male,-99.0,,0.0004895,0.0,0.0,0.0,0.0,1990.0,1990.0
2229,9.0,5.0,,oceania,m_all,,,male,-99.0,,0.0010061,0.0,0.0,0.0,0.0,1990.0,1990.0
2230,9.0,5.0,,asia_pacific_high_income,m_all,,,male,-99.0,,0.0003341,0.0,0.0,0.0,0.0,1990.0,1990.0
2231,14.0,10.0,,latin_america_tropical,m_all,,,male,-99.0,,0.0005558,0.0,0.0,0.0,0.0,1990.0,1990.0
2232,14.0,10.0,,sub-saharan_africa_central,m_all,,,male,-99.0,,0.0016476,0.0,0.0,0.0,0.0,1990.0,1990.0
2233,14.0,10.0,,latin_america_southern,m_all,,,male,-99.0,,0.0004308,0.0,0.0,0.0,0.0,1990.0,1990.0
2234,14.0,10.0,,asia_south,m_all,,,male,-99.0,,0.0012102,0.0,0.0,0.0,0.0,1990.0,1990.0
2235,14.0,10.0,,sub-saharan_africa_west,m_all,,,male,-99.0,,0.0014594,0.0,0.0,0.0,0.0,1990.0,1990.0
2236,14.0,10.0,,north_africa_middle_east,m_all,,,male,-99.0,,0.0007785,0.0,0.0,0.0,0.0,1990.0,1990.0
2237,14.0,10.0,,sub-saharan_africa_southern,m_all,,,male,-99.0,,0.000751,0.0,0.0,0.0,0.0,1990.0,1990.0
2238,14.0,10.0,,asia_pacific_high_income,m_all,,,male,-99.0,,0.0002607,0.0,0.0,0.0,0.0,1990.0,1990.0
2239,14.0,10.0,,asia_central,m_all,,,male,-99.0,,0.0007538,0.0,0.0,0.0,0.0,1990.0,1990.0
2240,14.0,10.0,,australasia,m_all,,,male,-99.0,,0.0002637,0.0,0.0,0.0,0.0,1990.0,1990.0
2241,14.0,10.0,,asia_southeast,m_all,,,male,-99.0,,0.000744,0.0,0.0,0.0,0.0,1990.0,1990.0
2242,14.0,10.0,,caribbean,m_all,,,male,-99.0,,0.0006971,0.0,0.0,0.0,0.0,1990.0,1990.0
2243,14.0,10.0,,north_america_high_income,m_all,,,male,-99.0,,0.0003197,0.0,0.0,0.0,0.0,1990.0,1990.0
2244,14.0,10.0,,latin_america_central,m_all,,,male,-99.0,,0.0006037,0.0,0.0,0.0,0.0,1990.0,1990.0
2245,14.0,10.0,,europe_eastern,m_all,,,male,-99.0,,0.0006432,0.0,0.0,0.0,0.0,1990.0,1990.0
2246,14.0,10.0,,latin_america_andean,m_all,,,male,-99.0,,0.0008293,0.0,0.0,0.0,0.0,1990.0,1990.0
2247,14.0,10.0,,sub-saharan_africa_east,m_all,,,male,-99.0,,0.0015593,0.0,0.0,0.0,0.0,1990.0,1990.0
2248,14.0,10.0,,asia_east,m_all,,,male,-99.0,,0.0005365,0.0,0.0,0.0,0.0,1990.0,1990.0
2249,14.0,10.0,,europe_central,m_all,,,male,-99.0,,0.0003896,0.0,0.0,0.0,0.0,1990.0,1990.0
2250,14.0,10.0,,oceania,m_all,,,male,-99.0,,0.0008903,0.0,0.0,0.0,0.0,1990.0,1990.0
2251,19.0,15.0,,asia_central,m_all,,,male,-99.0,,0.0015514,0.0,0.0,0.0,0.0,1990.0,1990.0
2252,19.0,15.0,,europe_western,m_all,,,male,-99.0,,0.0008273,0.0,0.0,0.0,0.0,1990.0,1990.0
2253,19.0,15.0,,oceania,m_all,,,male,-99.0,,0.0020369,0.0,0.0,0.0,0.0,1990.0,1990.0
2254,19.0,15.0,,sub-saharan_africa_east,m_all,,,male,-99.0,,0.0025718,0.0,0.0,0.0,0.0,1990.0,1990.0
2255,19.0,15.0,,asia_pacific_high_income,m_all,,,male,-99.0,,0.0008216,0.0,0.0,0.0,0.0,1990.0,1990.0
2256,19.0,15.0,,sub-saharan_africa_west,m_all,,,male,-99.0,,0.0019345,0.0,0.0,0.0,0.0,1990.0,1990.0
2257,19.0,15.0,,north_america_high_income,m_all,,,male,-99.0,,0.0011907,0.0,0.0,0.0,0.0,1990.0,1990.0
2258,19.0,15.0,,europe_eastern,m_all,,,male,-99.0,,0.001515,0.0,0.0,0.0,0.0,1990.0,1990.0
2259,19.0,15.0,,asia_east,m_all,,,male,-99.0,,0.0012417,0.0,0.0,0.0,0.0,1990.0,1990.0
2260,19.0,15.0,,sub-saharan_africa_southern,m_all,,,male,-99.0,,0.0017536,0.0,0.0,0.0,0.0,1990.0,1990.0
2261,19.0,15.0,,sub-saharan_africa_central,m_all,,,male,-99.0,,0.0027055,0.0,0.0,0.0,0.0,1990.0,1990.0
2262,19.0,15.0,,latin_america_tropical,m_all,,,male,-99.0,,0.001645,0.0,0.0,0.0,0.0,1990.0,1990.0
2263,19.0,15.0,,north_africa_middle_east,m_all,,,male,-99.0,,0.0014579,0.0,0.0,0.0,0.0,1990.0,1990.0
2264,19.0,15.0,,europe_central,m_all,,,male,-99.0,,0.000949,0.0,0.0,0.0,0.0,1990.0,1990.0
2265,19.0,15.0,,latin_america_southern,m_all,,,male,-99.0,,0.0009928,0.0,0.0,0.0,0.0,1990.0,1990.0
2266,19.0,15.0,,australasia,m_all,,,male,-99.0,,0.0010475,0.0,0.0,0.0,0.0,1990.0,1990.0
2267,19.0,15.0,,asia_southeast,m_all,,,male,-99.0,,0.0014642,0.0,0.0,0.0,0.0,1990.0,1990.0
2268,19.0,15.0,,latin_america_central,m_all,,,male,-99.0,,0.0015786,0.0,0.0,0.0,0.0,1990.0,1990.0
2269,19.0,15.0,,asia_south,m_all,,,male,-99.0,,0.0017267,0.0,0.0,0.0,0.0,1990.0,1990.0
2270,19.0,15.0,,caribbean,m_all,,,male,-99.0,,0.0013147,0.0,0.0,0.0,0.0,1990.0,1990.0
2271,24.0,20.0,,latin_america_central,m_all,,,male,-99.0,,0.0027067,0.0,0.0,0.0,0.0,1990.0,1990.0
2272,24.0,20.0,,europe_central,m_all,,,male,-99.0,,0.0014483,0.0,0.0,0.0,0.0,1990.0,1990.0
2273,24.0,20.0,,europe_western,m_all,,,male,-99.0,,0.0012061,0.0,0.0,0.0,0.0,1990.0,1990.0
2274,24.0,20.0,,north_africa_middle_east,m_all,,,male,-99.0,,0.002112,0.0,0.0,0.0,0.0,1990.0,1990.0
2275,24.0,20.0,,oceania,m_all,,,male,-99.0,,0.0032222,0.0,0.0,0.0,0.0,1990.0,1990.0
2276,24.0,20.0,,asia_pacific_high_income,m_all,,,male,-99.0,,0.0009972,0.0,0.0,0.0,0.0,1990.0,1990.0
2277,24.0,20.0,,asia_east,m_all,,,male,-99.0,,0.0017215,0.0,0.0,0.0,0.0,1990.0,1990.0
2278,24.0,20.0,,sub-saharan_africa_southern,m_all,,,male,-99.0,,0.0029327,0.0,0.0,0.0,0.0,1990.0,1990.0
2279,24.0,20.0,,latin_america_tropical,m_all,,,male,-99.0,,0.0025603,0.0,0.0,0.0,0.0,1990.0,1990.0
2280,24.0,20.0,,caribbean,m_all,,,male,-99.0,,0.0019072,0.0,0.0,0.0,0.0,1990.0,1990.0
2281,24.0,20.0,,latin_america_southern,m_all,,,male,-99.0,,0.0014562,0.0,0.0,0.0,0.0,1990.0,1990.0
2282,24.0,20.0,,asia_central,m_all,,,male,-99.0,,0.0025061,0.0,0.0,0.0,0.0,1990.0,1990.0
2283,24.0,20.0,,north_america_high_income,m_all,,,male,-99.0,,0.001588,0.0,0.0,0.0,0.0,1990.0,1990.0
2284,24.0,20.0,,sub-saharan_africa_east,m_all,,,male,-99.0,,0.0043321,0.0,0.0,0.0,0.0,1990.0,1990.0
2285,24.0,20.0,,asia_south,m_all,,,male,-99.0,,0.0023598,0.0,0.0,0.0,0.0,1990.0,1990.0
2286,24.0,20.0,,latin_america_andean,m_all,,,male,-99.0,,0.0019986,0.0,0.0,0.0,0.0,1990.0,1990.0
2287,24.0,20.0,,sub-saharan_africa_west,m_all,,,male,-99.0,,0.0030467,0.0,0.0,0.0,0.0,1990.0,1990.0
2288,24.0,20.0,,sub-saharan_africa_central,m_all,,,male,-99.0,,0.0046198,0.0,0.0,0.0,0.0,1990.0,1990.0
2289,24.0,20.0,,australasia,m_all,,,male,-99.0,,0.0014677,0.0,0.0,0.0,0.0,1990.0,1990.0
2290,24.0,20.0,,asia_southeast,m_all,,,male,-99.0,,0.002342,0.0,0.0,0.0,0.0,1990.0,1990.0
2291,29.0,25.0,,latin_america_central,m_all,,,male,-99.0,,0.0031833,0.0,0.0,0.0,0.0,1990.0,1990.0
2292,29.0,25.0,,north_america_high_income,m_all,,,male,-99.0,,0.0017681,0.0,0.0,0.0,0.0,1990.0,1990.0
2293,29.0,25.0,,sub-saharan_africa_west,m_all,,,male,-99.0,,0.0035617,0.0,0.0,0.0,0.0,1990.0,1990.0
2294,29.0,25.0,,sub-saharan_africa_east,m_all,,,male,-99.0,,0.005406,0.0,0.0,0.0,0.0,1990.0,1990.0
2295,29.0,25.0,,sub-saharan_africa_southern,m_all,,,male,-99.0,,0.003543,0.0,0.0,0.0,0.0,1990.0,1990.0
2296,29.0,25.0,,asia_east,m_all,,,male,-99.0,,0.0017462,0.0,0.0,0.0,0.0,1990.0,1990.0
2297,29.0,25.0,,asia_central,m_all,,,male,-99.0,,0.0029375,0.0,0.0,0.0,0.0,1990.0,1990.0
2298,29.0,25.0,,caribbean,m_all,,,male,-99.0,,0.0021803,0.0,0.0,0.0,0.0,1990.0,1990.0
2299,29.0,25.0,,australasia,m_all,,,male,-99.0,,0.0013794,0.0,0.0,0.0,0.0,1990.0,1990.0
2300,29.0,25.0,,oceania,m_all,,,male,-99.0,,0.0037633,0.0,0.0,0.0,0.0,1990.0,1990.0
2301,29.0,25.0,,asia_southeast,m_all,,,male,-99.0,,0.0026826,0.0,0.0,0.0,0.0,1990.0,1990.0
2302,29.0,25.0,,europe_eastern,m_all,,,male,-99.0,,0.0031865,0.0,0.0,0.0,0.0,1990.0,1990.0
2303,29.0,25.0,,latin_america_southern,m_all,,,male,-99.0,,0.0015186,0.0,0.0,0.0,0.0,1990.0,1990.0
2304,29.0,25.0,,europe_central,m_all,,,male,-99.0,,0.0016707,0.0,0.0,0.0,0.0,1990.0,1990.0
2305,29.0,25.0,,europe_western,m_all,,,male,-99.0,,0.0012871,0.0,0.0,0.0,0.0,1990.0,1990.0
2306,29.0,25.0,,latin_america_andean,m_all,,,male,-99.0,,0.0022649,0.0,0.0,0.0,0.0,1990.0,1990.0
2307,29.0,25.0,,sub-saharan_africa_central,m_all,,,male,-99.0,,0.0057066,0.0,0.0,0.0,0.0,1990.0,1990.0
2308,29.0,25.0,,latin_america_tropical,m_all,,,male,-99.0,,0.0028178,0.0,0.0,0.0,0.0,1990.0,1990.0
2309,29.0,25.0,,north_africa_middle_east,m_all,,,male,-99.0,,0.0022861,0.0,0.0,0.0,0.0,1990.0,1990.0
2310,29.0,25.0,,asia_south,m_all,,,male,-99.0,,0.0025958,0.0,0.0,0.0,0.0,1990.0,1990.0
2311,34.0,30.0,,latin_america_tropical,m_all,,,male,-99.0,,0.0034764,0.0,0.0,0.0,0.0,1990.0,1990.0
2312,34.0,30.0,,asia_pacific_high_income,m_all,,,male,-99.0,,0.0014064,0.0,0.0,0.0,0.0,1990.0,1990.0
2313,34.0,30.0,,asia_southeast,m_all,,,male,-99.0,,0.0031346,0.0,0.0,0.0,0.0,1990.0,1990.0
2314,34.0,30.0,,latin_america_andean,m_all,,,male,-99.0,,0.002562,0.0,0.0,0.0,0.0,1990.0,1990.0
2315,34.0,30.0,,europe_western,m_all,,,male,-99.0,,0.0014651,0.0,0.0,0.0,0.0,1990.0,1990.0
2316,34.0,30.0,,sub-saharan_africa_southern,m_all,,,male,-99.0,,0.0043909,0.0,0.0,0.0,0.0,1990.0,1990.0
2317,34.0,30.0,,north_africa_middle_east,m_all,,,male,-99.0,,0.002615,0.0,0.0,0.0,0.0,1990.0,1990.0
2318,34.0,30.0,,latin_america_central,m_all,,,male,-99.0,,0.0033948,0.0,0.0,0.0,0.0,1990.0,1990.0
2319,34.0,30.0,,caribbean,m_all,,,male,-99.0,,0.0027541,0.0,0.0,0.0,0.0,1990.0,1990.0
2320,34.0,30.0,,sub-saharan_africa_west,m_all,,,male,-99.0,,0.0040063,0.0,0.0,0.0,0.0,1990.0,1990.0
2321,34.0,30.0,,asia_east,m_all,,,male,-99.0,,0.0020024,0.0,0.0,0.0,0.0,1990.0,1990.0
2322,34.0,30.0,,latin_america_southern,m_all,,,male,-99.0,,0.0018621,0.0,0.0,0.0,0.0,1990.0,1990.0
2323,34.0,30.0,,europe_central,m_all,,,male,-99.0,,0.0023266,0.0,0.0,0.0,0.0,1990.0,1990.0
2324,34.0,30.0,,asia_central,m_all,,,male,-99.0,,0.0035138,0.0,0.0,0.0,0.0,1990.0,1990.0
2325,34.0,30.0,,australasia,m_all,,,male,-99.0,,0.0013345,0.0,0.0,0.0,0.0,1990.0,1990.0
2326,34.0,30.0,,north_america_high_income,m_all,,,male,-99.0,,0.0021312,0.0,0.0,0.0,0.0,1990.0,1990.0
2327,34.0,30.0,,europe_eastern,m_all,,,male,-99.0,,0.0040229,0.0,0.0,0.0,0.0,1990.0,1990.0
2328,34.0,30.0,,sub-saharan_africa_central,m_all,,,male,-99.0,,0.0069564,0.0,0.0,0.0,0.0,1990.0,1990.0
2329,34.0,30.0,,sub-saharan_africa_east,m_all,,,male,-99.0,,0.0064744,0.0,0.0,0.0,0.0,1990.0,1990.0
2330,34.0,30.0,,oceania,m_all,,,male,-99.0,,0.0047814,0.0,0.0,0.0,0.0,1990.0,1990.0
2331,39.0,35.0,,asia_central,m_all,,,male,-99.0,,0.0048392,0.0,0.0,0.0,0.0,1990.0,1990.0
2332,39.0,35.0,,asia_southeast,m_all,,,male,-99.0,,0.0041012,0.0,0.0,0.0,0.0,1990.0,1990.0
2333,39.0,35.0,,north_africa_middle_east,m_all,,,male,-99.0,,0.003471,0.0,0.0,0.0,0.0,1990.0,1990.0
2334,39.0,35.0,,sub-saharan_africa_east,m_all,,,male,-99.0,,0.0085384,0.0,0.0,0.0,0.0,1990.0,1990.0
2335,39.0,35.0,,europe_western,m_all,,,male,-99.0,,0.0018316,0.0,0.0,0.0,0.0,1990.0,1990.0
2336,39.0,35.0,,north_america_high_income,m_all,,,male,-99.0,,0.0026457,0.0,0.0,0.0,0.0,1990.0,1990.0
2337,39.0,35.0,,oceania,m_all,,,male,-99.0,,0.0069584,0.0,0.0,0.0,0.0,1990.0,1990.0
2338,39.0,35.0,,asia_south,m_all,,,male,-99.0,,0.0041723,0.0,0.0,0.0,0.0,1990.0,1990.0
2339,39.0,35.0,,europe_central,m_all,,,male,-99.0,,0.0034275,0.0,0.0,0.0,0.0,1990.0,1990.0
2340,39.0,35.0,,latin_america_central,m_all,,,male,-99.0,,0.0039006,0.0,0.0,0.0,0.0,1990.0,1990.0
2341,39.0,35.0,,latin_america_andean,m_all,,,male,-99.0,,0.0032224,0.0,0.0,0.0,0.0,1990.0,1990.0
2342,39.0,35.0,,sub-saharan_africa_west,m_all,,,male,-99.0,,0.004992,0.0,0.0,0.0,0.0,1990.0,1990.0
2343,39.0,35.0,,asia_east,m_all,,,male,-99.0,,0.0027004,0.0,0.0,0.0,0.0,1990.0,1990.0
2344,39.0,35.0,,sub-saharan_africa_southern,m_all,,,male,-99.0,,0.0060691,0.0,0.0,0.0,0.0,1990.0,1990.0
2345,39.0,35.0,,australasia,m_all,,,male,-99.0,,0.0014967,0.0,0.0,0.0,0.0,1990.0,1990.0
2346,39.0,35.0,,asia_pacific_high_income,m_all,,,male,-99.0,,0.0017965,0.0,0.0,0.0,0.0,1990.0,1990.0
2347,39.0,35.0,,sub-saharan_africa_central,m_all,,,male,-99.0,,0.0090128,0.0,0.0,0.0,0.0,1990.0,1990.0
2348,39.0,35.0,,caribbean,m_all,,,male,-99.0,,0.0034784,0.0,0.0,0.0,0.0,1990.0,1990.0
2349,39.0,35.0,,latin_america_southern,m_all,,,male,-99.0,,0.0025308,0.0,0.0,0.0,0.0,1990.0,1990.0
2350,39.0,35.0,,europe_eastern,m_all,,,male,-99.0,,0.0052608,0.0,0.0,0.0,0.0,1990.0,1990.0
2351,44.0,40.0,,sub-saharan_africa_southern,m_all,,,male,-99.0,,0.0083877,0.0,0.0,0.0,0.0,1990.0,1990.0
2352,44.0,40.0,,europe_central,m_all,,,male,-99.0,,0.0052296,0.0,0.0,0.0,0.0,1990.0,1990.0
2353,44.0,40.0,,asia_southeast,m_all,,,male,-99.0,,0.0054604,0.0,0.0,0.0,0.0,1990.0,1990.0
2354,44.0,40.0,,latin_america_central,m_all,,,male,-99.0,,0.0046414,0.0,0.0,0.0,0.0,1990.0,1990.0
2355,44.0,40.0,,australasia,m_all,,,male,-99.0,,0.002035,0.0,0.0,0.0,0.0,1990.0,1990.0
2356,44.0,40.0,,sub-saharan_africa_central,m_all,,,male,-99.0,,0.0110469,0.0,0.0,0.0,0.0,1990.0,1990.0
2357,44.0,40.0,,asia_south,m_all,,,male,-99.0,,0.0058006,0.0,0.0,0.0,0.0,1990.0,1990.0
2358,44.0,40.0,,latin_america_southern,m_all,,,male,-99.0,,0.0039329,0.0,0.0,0.0,0.0,1990.0,1990.0
2359,44.0,40.0,,europe_eastern,m_all,,,male,-99.0,,0.0073724,0.0,0.0,0.0,0.0,1990.0,1990.0
2360,44.0,40.0,,sub-saharan_africa_east,m_all,,,male,-99.0,,0.010553,0.0,0.0,0.0,0.0,1990.0,1990.0
2361,44.0,40.0,,latin_america_tropical,m_all,,,male,-99.0,,0.0055618,0.0,0.0,0.0,0.0,1990.0,1990.0
2362,44.0,40.0,,asia_east,m_all,,,male,-99.0,,0.0039535,0.0,0.0,0.0,0.0,1990.0,1990.0
2363,44.0,40.0,,north_america_high_income,m_all,,,male,-99.0,,0.0032594,0.0,0.0,0.0,0.0,1990.0,1990.0
2364,44.0,40.0,,europe_western,m_all,,,male,-99.0,,0.0026048,0.0,0.0,0.0,0.0,1990.0,1990.0
2365,44.0,40.0,,north_africa_middle_east,m_all,,,male,-99.0,,0.0047996,0.0,0.0,0.0,0.0,1990.0,1990.0
2366,44.0,40.0,,asia_pacific_high_income,m_all,,,male,-99.0,,0.00257,0.0,0.0,0.0,0.0,1990.0,1990.0
2367,44.0,40.0,,oceania,m_all,,,male,-99.0,,0.0098813,0.0,0.0,0.0,0.0,1990.0,1990.0
2368,44.0,40.0,,asia_central,m_all,,,male,-99.0,,0.0066606,0.0,0.0,0.0,0.0,1990.0,1990.0
2369,44.0,40.0,,latin_america_andean,m_all,,,male,-99.0,,0.0041738,0.0,0.0,0.0,0.0,1990.0,1990.0
2370,44.0,40.0,,sub-saharan_africa_west,m_all,,,male,-99.0,,0.0063002,0.0,0.0,0.0,0.0,1990.0,1990.0
2371,49.0,45.0,,australasia,m_all,,,male,-99.0,,0.0031892,0.0,0.0,0.0,0.0,1990.0,1990.0
2372,49.0,45.0,,sub-saharan_africa_central,m_all,,,male,-99.0,,0.0141845,0.0,0.0,0.0,0.0,1990.0,1990.0
2373,49.0,45.0,,sub-saharan_africa_southern,m_all,,,male,-99.0,,0.012175,0.0,0.0,0.0,0.0,1990.0,1990.0
2374,49.0,45.0,,oceania,m_all,,,male,-99.0,,0.0143236,0.0,0.0,0.0,0.0,1990.0,1990.0
2375,49.0,45.0,,north_america_high_income,m_all,,,male,-99.0,,0.0047469,0.0,0.0,0.0,0.0,1990.0,1990.0
2376,49.0,45.0,,latin_america_central,m_all,,,male,-99.0,,0.0062372,0.0,0.0,0.0,0.0,1990.0,1990.0
2377,49.0,45.0,,asia_south,m_all,,,male,-99.0,,0.0086639,0.0,0.0,0.0,0.0,1990.0,1990.0
2378,49.0,45.0,,latin_america_tropical,m_all,,,male,-99.0,,0.0077697,0.0,0.0,0.0,0.0,1990.0,1990.0
2379,49.0,45.0,,caribbean,m_all,,,male,-99.0,,0.00679,0.0,0.0,0.0,0.0,1990.0,1990.0
2380,49.0,45.0,,asia_southeast,m_all,,,male,-99.0,,0.0076668,0.0,0.0,0.0,0.0,1990.0,1990.0
2381,49.0,45.0,,sub-saharan_africa_east,m_all,,,male,-99.0,,0.0138284,0.0,0.0,0.0,0.0,1990.0,1990.0
2382,49.0,45.0,,asia_east,m_all,,,male,-99.0,,0.0061876,0.0,0.0,0.0,0.0,1990.0,1990.0
2383,49.0,45.0,,latin_america_southern,m_all,,,male,-99.0,,0.0061498,0.0,0.0,0.0,0.0,1990.0,1990.0
2384,49.0,45.0,,europe_eastern,m_all,,,male,-99.0,,0.0109341,0.0,0.0,0.0,0.0,1990.0,1990.0
2385,49.0,45.0,,europe_western,m_all,,,male,-99.0,,0.0041525,0.0,0.0,0.0,0.0,1990.0,1990.0
2386,49.0,45.0,,asia_central,m_all,,,male,-99.0,,0.009554,0.0,0.0,0.0,0.0,1990.0,1990.0
2387,49.0,45.0,,north_africa_middle_east,m_all,,,male,-99.0,,0.0069823,0.0,0.0,0.0,0.0,1990.0,1990.0
2388,49.0,45.0,,sub-saharan_africa_west,m_all,,,male,-99.0,,0.0085029,0.0,0.0,0.0,0.0,1990.0,1990.0
2389,49.0,45.0,,asia_pacific_high_income,m_all,,,male,-99.0,,0.0041231,0.0,0.0,0.0,0.0,1990.0,1990.0
2390,49.0,45.0,,latin_america_andean,m_all,,,male,-99.0,,0.0056586,0.0,0.0,0.0,0.0,1990.0,1990.0
2391,54.0,50.0,,sub-saharan_africa_east,m_all,,,male,-99.0,,0.0185864,0.0,0.0,0.0,0.0,1990.0,1990.0
2392,54.0,50.0,,asia_pacific_high_income,m_all,,,male,-99.0,,0.0066521,0.0,0.0,0.0,0.0,1990.0,1990.0
2393,54.0,50.0,,asia_east,m_all,,,male,-99.0,,0.0098914,0.0,0.0,0.0,0.0,1990.0,1990.0
2394,54.0,50.0,,asia_south,m_all,,,male,-99.0,,0.0132274,0.0,0.0,0.0,0.0,1990.0,1990.0
2395,54.0,50.0,,asia_southeast,m_all,,,male,-99.0,,0.0111685,0.0,0.0,0.0,0.0,1990.0,1990.0
2396,54.0,50.0,,latin_america_central,m_all,,,male,-99.0,,0.0087788,0.0,0.0,0.0,0.0,1990.0,1990.0
2397,54.0,50.0,,sub-saharan_africa_central,m_all,,,male,-99.0,,0.0192125,0.0,0.0,0.0,0.0,1990.0,1990.0
2398,54.0,50.0,,europe_western,m_all,,,male,-99.0,,0.0066943,0.0,0.0,0.0,0.0,1990.0,1990.0
2399,54.0,50.0,,europe_eastern,m_all,,,male,-99.0,,0.0158363,0.0,0.0,0.0,0.0,1990.0,1990.0
2400,54.0,50.0,,sub-saharan_africa_west,m_all,,,male,-99.0,,0.0119796,0.0,0.0,0.0,0.0,1990.0,1990.0
2401,54.0,50.0,,europe_central,m_all,,,male,-99.0,,0.0126582,0.0,0.0,0.0,0.0,1990.0,1990.0
2402,54.0,50.0,,caribbean,m_all,,,male,-99.0,,0.0099804,0.0,0.0,0.0,0.0,1990.0,1990.0
2403,54.0,50.0,,latin_america_southern,m_all,,,male,-99.0,,0.0099375,0.0,0.0,0.0,0.0,1990.0,1990.0
2404,54.0,50.0,,latin_america_andean,m_all,,,male,-99.0,,0.0081637,0.0,0.0,0.0,0.0,1990.0,1990.0
2405,54.0,50.0,,australasia,m_all,,,male,-99.0,,0.0055708,0.0,0.0,0.0,0.0,1990.0,1990.0
2406,54.0,50.0,,sub-saharan_africa_southern,m_all,,,male,-99.0,,0.0180773,0.0,0.0,0.0,0.0,1990.0,1990.0
2407,54.0,50.0,,asia_central,m_all,,,male,-99.0,,0.014155,0.0,0.0,0.0,0.0,1990.0,1990.0
2408,54.0,50.0,,latin_america_tropical,m_all,,,male,-99.0,,0.0106903,0.0,0.0,0.0,0.0,1990.0,1990.0
2409,54.0,50.0,,north_africa_middle_east,m_all,,,male,-99.0,,0.0107176,0.0,0.0,0.0,0.0,1990.0,1990.0
2410,54.0,50.0,,oceania,m_all,,,male,-99.0,,0.0210725,0.0,0.0,0.0,0.0,1990.0,1990.0
2411,59.0,55.0,,europe_central,m_all,,,male,-99.0,,0.0188912,0.0,0.0,0.0,0.0,1990.0,1990.0
2412,59.0,55.0,,asia_central,m_all,,,male,-99.0,,0.0201602,0.0,0.0,0.0,0.0,1990.0,1990.0
2413,59.0,55.0,,australasia,m_all,,,male,-99.0,,0.0095294,0.0,0.0,0.0,0.0,1990.0,1990.0
2414,59.0,55.0,,europe_western,m_all,,,male,-99.0,,0.011057,0.0,0.0,0.0,0.0,1990.0,1990.0
2415,59.0,55.0,,north_america_high_income,m_all,,,male,-99.0,,0.0118527,0.0,0.0,0.0,0.0,1990.0,1990.0
2416,59.0,55.0,,sub-saharan_africa_southern,m_all,,,male,-99.0,,0.025722,0.0,0.0,0.0,0.0,1990.0,1990.0
2417,59.0,55.0,,sub-saharan_africa_central,m_all,,,male,-99.0,,0.0249114,0.0,0.0,0.0,0.0,1990.0,1990.0
2418,59.0,55.0,,latin_america_central,m_all,,,male,-99.0,,0.0123108,0.0,0.0,0.0,0.0,1990.0,1990.0
2419,59.0,55.0,,latin_america_southern,m_all,,,male,-99.0,,0.0153049,0.0,0.0,0.0,0.0,1990.0,1990.0
2420,59.0,55.0,,europe_eastern,m_all,,,male,-99.0,,0.0228262,0.0,0.0,0.0,0.0,1990.0,1990.0
2421,59.0,55.0,,sub-saharan_africa_west,m_all,,,male,-99.0,,0.0167261,0.0,0.0,0.0,0.0,1990.0,1990.0
2422,59.0,55.0,,asia_south,m_all,,,male,-99.0,,0.0195158,0.0,0.0,0.0,0.0,1990.0,1990.0
2423,59.0,55.0,,latin_america_tropical,m_all,,,male,-99.0,,0.0153862,0.0,0.0,0.0,0.0,1990.0,1990.0
2424,59.0,55.0,,sub-saharan_africa_east,m_all,,,male,-99.0,,0.0245075,0.0,0.0,0.0,0.0,1990.0,1990.0
2425,59.0,55.0,,asia_east,m_all,,,male,-99.0,,0.0155042,0.0,0.0,0.0,0.0,1990.0,1990.0
2426,59.0,55.0,,asia_pacific_high_income,m_all,,,male,-99.0,,0.0101405,0.0,0.0,0.0,0.0,1990.0,1990.0
2427,59.0,55.0,,oceania,m_all,,,male,-99.0,,0.0296146,0.0,0.0,0.0,0.0,1990.0,1990.0
2428,59.0,55.0,,caribbean,m_all,,,male,-99.0,,0.0148055,0.0,0.0,0.0,0.0,1990.0,1990.0
2429,59.0,55.0,,north_africa_middle_east,m_all,,,male,-99.0,,0.0160471,0.0,0.0,0.0,0.0,1990.0,1990.0
2430,59.0,55.0,,asia_southeast,m_all,,,male,-99.0,,0.0160079,0.0,0.0,0.0,0.0,1990.0,1990.0
2431,64.0,60.0,,caribbean,m_all,,,male,-99.0,,0.0224686,0.0,0.0,0.0,0.0,1990.0,1990.0
2432,64.0,60.0,,north_africa_middle_east,m_all,,,male,-99.0,,0.0246261,0.0,0.0,0.0,0.0,1990.0,1990.0
2433,64.0,60.0,,north_america_high_income,m_all,,,male,-99.0,,0.0186716,0.0,0.0,0.0,0.0,1990.0,1990.0
2434,64.0,60.0,,sub-saharan_africa_central,m_all,,,male,-99.0,,0.0371069,0.0,0.0,0.0,0.0,1990.0,1990.0
2435,64.0,60.0,,latin_america_tropical,m_all,,,male,-99.0,,0.0214063,0.0,0.0,0.0,0.0,1990.0,1990.0
2436,64.0,60.0,,asia_south,m_all,,,male,-99.0,,0.0312806,0.0,0.0,0.0,0.0,1990.0,1990.0
2437,64.0,60.0,,sub-saharan_africa_southern,m_all,,,male,-99.0,,0.0381403,0.0,0.0,0.0,0.0,1990.0,1990.0
2438,64.0,60.0,,europe_western,m_all,,,male,-99.0,,0.0177241,0.0,0.0,0.0,0.0,1990.0,1990.0
2439,64.0,60.0,,latin_america_southern,m_all,,,male,-99.0,,0.0229794,0.0,0.0,0.0,0.0,1990.0,1990.0
2440,64.0,60.0,,europe_central,m_all,,,male,-99.0,,0.0280703,0.0,0.0,0.0,0.0,1990.0,1990.0
2441,64.0,60.0,,asia_central,m_all,,,male,-99.0,,0.0303444,0.0,0.0,0.0,0.0,1990.0,1990.0
2442,64.0,60.0,,asia_southeast,m_all,,,male,-99.0,,0.024552,0.0,0.0,0.0,0.0,1990.0,1990.0
2443,64.0,60.0,,latin_america_andean,m_all,,,male,-99.0,,0.0184849,0.0,0.0,0.0,0.0,1990.0,1990.0
2444,64.0,60.0,,sub-saharan_africa_west,m_all,,,male,-99.0,,0.0253567,0.0,0.0,0.0,0.0,1990.0,1990.0
2445,64.0,60.0,,australasia,m_all,,,male,-99.0,,0.0162703,0.0,0.0,0.0,0.0,1990.0,1990.0
2446,64.0,60.0,,oceania,m_all,,,male,-99.0,,0.0431704,0.0,0.0,0.0,0.0,1990.0,1990.0
2447,64.0,60.0,,asia_pacific_high_income,m_all,,,male,-99.0,,0.0148067,0.0,0.0,0.0,0.0,1990.0,1990.0
2448,64.0,60.0,,sub-saharan_africa_east,m_all,,,male,-99.0,,0.0355499,0.0,0.0,0.0,0.0,1990.0,1990.0
2449,64.0,60.0,,asia_east,m_all,,,male,-99.0,,0.0241774,0.0,0.0,0.0,0.0,1990.0,1990.0
2450,64.0,60.0,,europe_eastern,m_all,,,male,-99.0,,0.0335625,0.0,0.0,0.0,0.0,1990.0,1990.0
2451,69.0,65.0,,north_africa_middle_east,m_all,,,male,-99.0,,0.0364459,0.0,0.0,0.0,0.0,1990.0,1990.0
2452,69.0,65.0,,north_america_high_income,m_all,,,male,-99.0,,0.0282419,0.0,0.0,0.0,0.0,1990.0,1990.0
2453,69.0,65.0,,latin_america_andean,m_all,,,male,-99.0,,0.0271576,0.0,0.0,0.0,0.0,1990.0,1990.0
2454,69.0,65.0,,europe_central,m_all,,,male,-99.0,,0.041187,0.0,0.0,0.0,0.0,1990.0,1990.0
2455,69.0,65.0,,europe_western,m_all,,,male,-99.0,,0.0281515,0.0,0.0,0.0,0.0,1990.0,1990.0
2456,69.0,65.0,,latin_america_central,m_all,,,male,-99.0,,0.0260384,0.0,0.0,0.0,0.0,1990.0,1990.0
2457,69.0,65.0,,oceania,m_all,,,male,-99.0,,0.059503,0.0,0.0,0.0,0.0,1990.0,1990.0
2458,69.0,65.0,,asia_pacific_high_income,m_all,,,male,-99.0,,0.0228998,0.0,0.0,0.0,0.0,1990.0,1990.0
2459,69.0,65.0,,asia_central,m_all,,,male,-99.0,,0.0439325,0.0,0.0,0.0,0.0,1990.0,1990.0
2460,69.0,65.0,,latin_america_southern,m_all,,,male,-99.0,,0.0332553,0.0,0.0,0.0,0.0,1990.0,1990.0
2461,69.0,65.0,,caribbean,m_all,,,male,-99.0,,0.0332149,0.0,0.0,0.0,0.0,1990.0,1990.0
2462,69.0,65.0,,australasia,m_all,,,male,-99.0,,0.0265748,0.0,0.0,0.0,0.0,1990.0,1990.0
2463,69.0,65.0,,asia_south,m_all,,,male,-99.0,,0.044495,0.0,0.0,0.0,0.0,1990.0,1990.0
2464,69.0,65.0,,asia_east,m_all,,,male,-99.0,,0.0370192,0.0,0.0,0.0,0.0,1990.0,1990.0
2465,69.0,65.0,,europe_eastern,m_all,,,male,-99.0,,0.0464874,0.0,0.0,0.0,0.0,1990.0,1990.0
2466,69.0,65.0,,sub-saharan_africa_southern,m_all,,,male,-99.0,,0.0539566,0.0,0.0,0.0,0.0,1990.0,1990.0
2467,69.0,65.0,,sub-saharan_africa_west,m_all,,,male,-99.0,,0.0362491,0.0,0.0,0.0,0.0,1990.0,1990.0
2468,69.0,65.0,,latin_america_tropical,m_all,,,male,-99.0,,0.0315949,0.0,0.0,0.0,0.0,1990.0,1990.0
2469,69.0,65.0,,sub-saharan_africa_central,m_all,,,male,-99.0,,0.0495614,0.0,0.0,0.0,0.0,1990.0,1990.0
2470,69.0,65.0,,sub-saharan_africa_east,m_all,,,male,-99.0,,0.0482646,0.0,0.0,0.0,0.0,1990.0,1990.0
2471,74.0,70.0,,europe_eastern,m_all,,,male,-99.0,,0.067466,0.0,0.0,0.0,0.0,1990.0,1990.0
2472,74.0,70.0,,asia_central,m_all,,,male,-99.0,,0.0652472,0.0,0.0,0.0,0.0,1990.0,1990.0
2473,74.0,70.0,,caribbean,m_all,,,male,-99.0,,0.0485306,0.0,0.0,0.0,0.0,1990.0,1990.0
2474,74.0,70.0,,latin_america_tropical,m_all,,,male,-99.0,,0.0473436,0.0,0.0,0.0,0.0,1990.0,1990.0
2475,74.0,70.0,,oceania,m_all,,,male,-99.0,,0.0856062,0.0,0.0,0.0,0.0,1990.0,1990.0
2476,74.0,70.0,,north_africa_middle_east,m_all,,,male,-99.0,,0.0542361,0.0,0.0,0.0,0.0,1990.0,1990.0
2477,74.0,70.0,,sub-saharan_africa_southern,m_all,,,male,-99.0,,0.077849,0.0,0.0,0.0,0.0,1990.0,1990.0
2478,74.0,70.0,,australasia,m_all,,,male,-99.0,,0.04277,0.0,0.0,0.0,0.0,1990.0,1990.0
2479,74.0,70.0,,europe_western,m_all,,,male,-99.0,,0.0439646,0.0,0.0,0.0,0.0,1990.0,1990.0
2480,74.0,70.0,,europe_central,m_all,,,male,-99.0,,0.0601173,0.0,0.0,0.0,0.0,1990.0,1990.0
2481,74.0,70.0,,latin_america_andean,m_all,,,male,-99.0,,0.0420234,0.0,0.0,0.0,0.0,1990.0,1990.0
2482,74.0,70.0,,sub-saharan_africa_east,m_all,,,male,-99.0,,0.0680562,0.0,0.0,0.0,0.0,1990.0,1990.0
2483,74.0,70.0,,asia_east,m_all,,,male,-99.0,,0.0574517,0.0,0.0,0.0,0.0,1990.0,1990.0
2484,74.0,70.0,,latin_america_southern,m_all,,,male,-99.0,,0.0499339,0.0,0.0,0.0,0.0,1990.0,1990.0
2485,74.0,70.0,,asia_southeast,m_all,,,male,-99.0,,0.0536884,0.0,0.0,0.0,0.0,1990.0,1990.0
2486,74.0,70.0,,asia_pacific_high_income,m_all,,,male,-99.0,,0.0373058,0.0,0.0,0.0,0.0,1990.0,1990.0
2487,74.0,70.0,,north_america_high_income,m_all,,,male,-99.0,,0.0431077,0.0,0.0,0.0,0.0,1990.0,1990.0
2488,74.0,70.0,,asia_south,m_all,,,male,-99.0,,0.063565,0.0,0.0,0.0,0.0,1990.0,1990.0
2489,74.0,70.0,,sub-saharan_africa_central,m_all,,,male,-99.0,,0.0712244,0.0,0.0,0.0,0.0,1990.0,1990.0
2490,74.0,70.0,,sub-saharan_africa_west,m_all,,,male,-99.0,,0.0543218,0.0,0.0,0.0,0.0,1990.0,1990.0
2491,79.0,75.0,,europe_western,m_all,,,male,-99.0,,0.0713805,0.0,0.0,0.0,0.0,1990.0,1990.0
2492,79.0,75.0,,latin_america_southern,m_all,,,male,-99.0,,0.077956,0.0,0.0,0.0,0.0,1990.0,1990.0
2493,79.0,75.0,,sub-saharan_africa_west,m_all,,,male,-99.0,,0.0783939,0.0,0.0,0.0,0.0,1990.0,1990.0
2494,79.0,75.0,,sub-saharan_africa_southern,m_all,,,male,-99.0,,0.1085663,0.0,0.0,0.0,0.0,1990.0,1990.0
2495,79.0,75.0,,latin_america_tropical,m_all,,,male,-99.0,,0.0713093,0.0,0.0,0.0,0.0,1990.0,1990.0
2496,79.0,75.0,,latin_america_andean,m_all,,,male,-99.0,,0.0647369,0.0,0.0,0.0,0.0,1990.0,1990.0
2497,79.0,75.0,,caribbean,m_all,,,male,-99.0,,0.0712833,0.0,0.0,0.0,0.0,1990.0,1990.0
2498,79.0,75.0,,europe_eastern,m_all,,,male,-99.0,,0.0996466,0.0,0.0,0.0,0.0,1990.0,1990.0
2499,79.0,75.0,,asia_central,m_all,,,male,-99.0,,0.0930863,0.0,0.0,0.0,0.0,1990.0,1990.0
2500,79.0,75.0,,asia_pacific_high_income,m_all,,,male,-99.0,,0.0619863,0.0,0.0,0.0,0.0,1990.0,1990.0
2501,79.0,75.0,,asia_south,m_all,,,male,-99.0,,0.0907308,0.0,0.0,0.0,0.0,1990.0,1990.0
2502,79.0,75.0,,sub-saharan_africa_east,m_all,,,male,-99.0,,0.0927152,0.0,0.0,0.0,0.0,1990.0,1990.0
2503,79.0,75.0,,europe_central,m_all,,,male,-99.0,,0.0938157,0.0,0.0,0.0,0.0,1990.0,1990.0
2504,79.0,75.0,,latin_america_central,m_all,,,male,-99.0,,0.0618568,0.0,0.0,0.0,0.0,1990.0,1990.0
2505,79.0,75.0,,asia_east,m_all,,,male,-99.0,,0.0876058,0.0,0.0,0.0,0.0,1990.0,1990.0
2506,79.0,75.0,,north_america_high_income,m_all,,,male,-99.0,,0.0655887,0.0,0.0,0.0,0.0,1990.0,1990.0
2507,79.0,75.0,,north_africa_middle_east,m_all,,,male,-99.0,,0.0809626,0.0,0.0,0.0,0.0,1990.0,1990.0
2508,79.0,75.0,,sub-saharan_africa_central,m_all,,,male,-99.0,,0.0933211,0.0,0.0,0.0,0.0,1990.0,1990.0
2509,79.0,75.0,,oceania,m_all,,,male,-99.0,,0.1181068,0.0,0.0,0.0,0.0,1990.0,1990.0
2510,79.0,75.0,,asia_southeast,m_all,,,male,-99.0,,0.0775526,0.0,0.0,0.0,0.0,1990.0,1990.0
2511,84.0,80.0,,asia_east,m_all,,,male,-99.0,,0.1319051,0.0,0.0,0.0,0.0,1990.0,1990.0
2512,84.0,80.0,,asia_southeast,m_all,,,male,-99.0,,0.1109806,0.0,0.0,0.0,0.0,1990.0,1990.0
2513,84.0,80.0,,sub-saharan_africa_southern,m_all,,,male,-99.0,,0.1504758,0.0,0.0,0.0,0.0,1990.0,1990.0
2514,84.0,80.0,,latin_america_andean,m_all,,,male,-99.0,,0.0979995,0.0,0.0,0.0,0.0,1990.0,1990.0
2515,84.0,80.0,,sub-saharan_africa_west,m_all,,,male,-99.0,,0.1103003,0.0,0.0,0.0,0.0,1990.0,1990.0
2516,84.0,80.0,,asia_south,m_all,,,male,-99.0,,0.1251726,0.0,0.0,0.0,0.0,1990.0,1990.0
2517,84.0,80.0,,asia_central,m_all,,,male,-99.0,,0.1320726,0.0,0.0,0.0,0.0,1990.0,1990.0
2518,84.0,80.0,,sub-saharan_africa_central,m_all,,,male,-99.0,,0.1192375,0.0,0.0,0.0,0.0,1990.0,1990.0
2519,84.0,80.0,,sub-saharan_africa_east,m_all,,,male,-99.0,,0.1253672,0.0,0.0,0.0,0.0,1990.0,1990.0
2520,84.0,80.0,,latin_america_southern,m_all,,,male,-99.0,,0.1214629,0.0,0.0,0.0,0.0,1990.0,1990.0
2521,84.0,80.0,,europe_central,m_all,,,male,-99.0,,0.1465232,0.0,0.0,0.0,0.0,1990.0,1990.0
2522,84.0,80.0,,latin_america_central,m_all,,,male,-99.0,,0.0972616,0.0,0.0,0.0,0.0,1990.0,1990.0
2523,84.0,80.0,,europe_eastern,m_all,,,male,-99.0,,0.147745,0.0,0.0,0.0,0.0,1990.0,1990.0
2524,84.0,80.0,,latin_america_tropical,m_all,,,male,-99.0,,0.1067613,0.0,0.0,0.0,0.0,1990.0,1990.0
2525,84.0,80.0,,europe_western,m_all,,,male,-99.0,,0.1166604,0.0,0.0,0.0,0.0,1990.0,1990.0
2526,84.0,80.0,,oceania,m_all,,,male,-99.0,,0.163051,0.0,0.0,0.0,0.0,1990.0,1990.0
2527,84.0,80.0,,australasia,m_all,,,male,-99.0,,0.1103674,0.0,0.0,0.0,0.0,1990.0,1990.0
2528,84.0,80.0,,caribbean,m_all,,,male,-99.0,,0.103386,0.0,0.0,0.0,0.0,1990.0,1990.0
2529,84.0,80.0,,north_africa_middle_east,m_all,,,male,-99.0,,0.1174694,0.0,0.0,0.0,0.0,1990.0,1990.0
2530,84.0,80.0,,north_america_high_income,m_all,,,male,-99.0,,0.1030603,0.0,0.0,0.0,0.0,1990.0,1990.0
2531,89.0,85.0,,sub-saharan_africa_west,m_all,,,male,-99.0,,0.1745589,0.0,0.0,0.0,0.0,1990.0,1990.0
2532,89.0,85.0,,north_america_high_income,m_all,,,male,-99.0,,0.1667197,0.0,0.0,0.0,0.0,1990.0,1990.0
2533,89.0,85.0,,latin_america_southern,m_all,,,male,-99.0,,0.1874376,0.0,0.0,0.0,0.0,1990.0,1990.0
2534,89.0,85.0,,europe_central,m_all,,,male,-99.0,,0.2133212,0.0,0.0,0.0,0.0,1990.0,1990.0
2535,89.0,85.0,,asia_central,m_all,,,male,-99.0,,0.1982567,0.0,0.0,0.0,0.0,1990.0,1990.0
2536,89.0,85.0,,latin_america_andean,m_all,,,male,-99.0,,0.159979,0.0,0.0,0.0,0.0,1990.0,1990.0
2537,89.0,85.0,,australasia,m_all,,,male,-99.0,,0.1750065,0.0,0.0,0.0,0.0,1990.0,1990.0
2538,89.0,85.0,,north_africa_middle_east,m_all,,,male,-99.0,,0.1829235,0.0,0.0,0.0,0.0,1990.0,1990.0
2539,89.0,85.0,,europe_eastern,m_all,,,male,-99.0,,0.2142635,0.0,0.0,0.0,0.0,1990.0,1990.0
2540,89.0,85.0,,sub-saharan_africa_east,m_all,,,male,-99.0,,0.1912092,0.0,0.0,0.0,0.0,1990.0,1990.0
2541,89.0,85.0,,asia_pacific_high_income,m_all,,,male,-99.0,,0.1674539,0.0,0.0,0.0,0.0,1990.0,1990.0
2542,89.0,85.0,,europe_western,m_all,,,male,-99.0,,0.1814522,0.0,0.0,0.0,0.0,1990.0,1990.0
2543,89.0,85.0,,caribbean,m_all,,,male,-99.0,,0.1628255,0.0,0.0,0.0,0.0,1990.0,1990.0
2544,89.0,85.0,,oceania,m_all,,,male,-99.0,,0.2293871,0.0,0.0,0.0,0.0,1990.0,1990.0
2545,89.0,85.0,,sub-saharan_africa_central,m_all,,,male,-99.0,,0.1847859,0.0,0.0,0.0,0.0,1990.0,1990.0
2546,89.0,85.0,,asia_southeast,m_all,,,male,-99.0,,0.1728345,0.0,0.0,0.0,0.0,1990.0,1990.0
2547,89.0,85.0,,latin_america_central,m_all,,,male,-99.0,,0.1596615,0.0,0.0,0.0,0.0,1990.0,1990.0
2548,89.0,85.0,,sub-saharan_africa_southern,m_all,,,male,-99.0,,0.2169728,0.0,0.0,0.0,0.0,1990.0,1990.0
2549,89.0,85.0,,asia_east,m_all,,,male,-99.0,,0.1984089,0.0,0.0,0.0,0.0,1990.0,1990.0
2550,89.0,85.0,,latin_america_tropical,m_all,,,male,-99.0,,0.1709235,0.0,0.0,0.0,0.0,1990.0,1990.0
2551,94.0,90.0,,latin_america_andean,m_all,,,male,-99.0,,0.2533146,0.0,0.0,0.0,0.0,1990.0,1990.0
2552,94.0,90.0,,europe_central,m_all,,,male,-99.0,,0.3049947,0.0,0.0,0.0,0.0,1990.0,1990.0
2553,94.0,90.0,,asia_central,m_all,,,male,-99.0,,0.2912456,0.0,0.0,0.0,0.0,1990.0,1990.0
2554,94.0,90.0,,latin_america_southern,m_all,,,male,-99.0,,0.2822749,0.0,0.0,0.0,0.0,1990.0,1990.0
2555,94.0,90.0,,europe_eastern,m_all,,,male,-99.0,,0.3054962,0.0,0.0,0.0,0.0,1990.0,1990.0
2556,94.0,90.0,,sub-saharan_africa_east,m_all,,,male,-99.0,,0.2829882,0.0,0.0,0.0,0.0,1990.0,1990.0
2557,94.0,90.0,,caribbean,m_all,,,male,-99.0,,0.2541566,0.0,0.0,0.0,0.0,1990.0,1990.0
2558,94.0,90.0,,europe_western,m_all,,,male,-99.0,,0.27441,0.0,0.0,0.0,0.0,1990.0,1990.0
2559,94.0,90.0,,asia_pacific_high_income,m_all,,,male,-99.0,,0.2608595,0.0,0.0,0.0,0.0,1990.0,1990.0
2560,94.0,90.0,,oceania,m_all,,,male,-99.0,,0.3206018,0.0,0.0,0.0,0.0,1990.0,1990.0
2561,94.0,90.0,,latin_america_central,m_all,,,male,-99.0,,0.2537544,0.0,0.0,0.0,0.0,1990.0,1990.0
2562,94.0,90.0,,asia_southeast,m_all,,,male,-99.0,,0.2633379,0.0,0.0,0.0,0.0,1990.0,1990.0
2563,94.0,90.0,,sub-saharan_africa_central,m_all,,,male,-99.0,,0.2784163,0.0,0.0,0.0,0.0,1990.0,1990.0
2564,94.0,90.0,,sub-saharan_africa_southern,m_all,,,male,-99.0,,0.3086791,0.0,0.0,0.0,0.0,1990.0,1990.0
2565,94.0,90.0,,latin_america_tropical,m_all,,,male,-99.0,,0.265139,0.0,0.0,0.0,0.0,1990.0,1990.0
2566,94.0,90.0,,asia_south,m_all,,,male,-99.0,,0.2847883,0.0,0.0,0.0,0.0,1990.0,1990.0
2567,94.0,90.0,,sub-saharan_africa_west,m_all,,,male,-99.0,,0.2681713,0.0,0.0,0.0,0.0,1990.0,1990.0
2568,94.0,90.0,,asia_east,m_all,,,male,-99.0,,0.2912284,0.0,0.0,0.0,0.0,1990.0,1990.0
2569,94.0,90.0,,north_africa_middle_east,m_all,,,male,-99.0,,0.2755303,0.0,0.0,0.0,0.0,1990.0,1990.0
2570,94.0,90.0,,australasia,m_all,,,male,-99.0,,0.2689637,0.0,0.0,0.0,0.0,1990.0,1990.0
2571,99.0,95.0,,north_africa_middle_east,m_all,,,male,-99.0,,0.3866949,0.0,0.0,0.0,0.0,1990.0,1990.0
2572,99.0,95.0,,sub-saharan_africa_southern,m_all,,,male,-99.0,,0.4171588,0.0,0.0,0.0,0.0,1990.0,1990.0
2573,99.0,95.0,,caribbean,m_all,,,male,-99.0,,0.3692816,0.0,0.0,0.0,0.0,1990.0,1990.0
2574,99.0,95.0,,latin_america_tropical,m_all,,,male,-99.0,,0.3807323,0.0,0.0,0.0,0.0,1990.0,1990.0
2575,99.0,95.0,,latin_america_andean,m_all,,,male,-99.0,,0.3694313,0.0,0.0,0.0,0.0,1990.0,1990.0
2576,99.0,95.0,,north_america_high_income,m_all,,,male,-99.0,,0.3771288,0.0,0.0,0.0,0.0,1990.0,1990.0
2577,99.0,95.0,,oceania,m_all,,,male,-99.0,,0.425994,0.0,0.0,0.0,0.0,1990.0,1990.0
2578,99.0,95.0,,sub-saharan_africa_west,m_all,,,male,-99.0,,0.3832524,0.0,0.0,0.0,0.0,1990.0,1990.0
2579,99.0,95.0,,asia_east,m_all,,,male,-99.0,,0.4023848,0.0,0.0,0.0,0.0,1990.0,1990.0
2580,99.0,95.0,,europe_central,m_all,,,male,-99.0,,0.4137653,0.0,0.0,0.0,0.0,1990.0,1990.0
2581,99.0,95.0,,latin_america_central,m_all,,,male,-99.0,,0.3707512,0.0,0.0,0.0,0.0,1990.0,1990.0
2582,99.0,95.0,,australasia,m_all,,,male,-99.0,,0.3838837,0.0,0.0,0.0,0.0,1990.0,1990.0
2583,99.0,95.0,,europe_eastern,m_all,,,male,-99.0,,0.4132725,0.0,0.0,0.0,0.0,1990.0,1990.0
2584,99.0,95.0,,asia_pacific_high_income,m_all,,,male,-99.0,,0.3763717,0.0,0.0,0.0,0.0,1990.0,1990.0
2585,99.0,95.0,,europe_western,m_all,,,male,-99.0,,0.3883617,0.0,0.0,0.0,0.0,1990.0,1990.0
2586,99.0,95.0,,asia_central,m_all,,,male,-99.0,,0.4022973,0.0,0.0,0.0,0.0,1990.0,1990.0
2587,99.0,95.0,,asia_south,m_all,,,male,-99.0,,0.3977897,0.0,0.0,0.0,0.0,1990.0,1990.0
2588,99.0,95.0,,sub-saharan_africa_east,m_all,,,male,-99.0,,0.3952319,0.0,0.0,0.0,0.0,1990.0,1990.0
2589,99.0,95.0,,asia_southeast,m_all,,,male,-99.0,,0.3756361,0.0,0.0,0.0,0.0,1990.0,1990.0
2590,99.0,95.0,,sub-saharan_africa_central,m_all,,,male,-99.0,,0.3918173,0.0,0.0,0.0,0.0,1990.0,1990.0
2591,101.0,100.0,,sub-saharan_africa_southern,m_all,,,male,-99.0,,0.5454289,0.0,0.0,0.0,0.0,1990.0,1990.0
2592,101.0,100.0,,sub-saharan_africa_east,m_all,,,male,-99.0,,0.5317348,0.0,0.0,0.0,0.0,1990.0,1990.0
2593,101.0,100.0,,sub-saharan_africa_west,m_all,,,male,-99.0,,0.5237449,0.0,0.0,0.0,0.0,1990.0,1990.0
2594,101.0,100.0,,asia_central,m_all,,,male,-99.0,,0.535028,0.0,0.0,0.0,0.0,1990.0,1990.0
2595,101.0,100.0,,north_africa_middle_east,m_all,,,male,-99.0,,0.5245374,0.0,0.0,0.0,0.0,1990.0,1990.0
2596,101.0,100.0,,asia_pacific_high_income,m_all,,,male,-99.0,,0.5194049,0.0,0.0,0.0,0.0,1990.0,1990.0
2597,101.0,100.0,,australasia,m_all,,,male,-99.0,,0.5241625,0.0,0.0,0.0,0.0,1990.0,1990.0
2598,101.0,100.0,,asia_southeast,m_all,,,male,-99.0,,0.5178474,0.0,0.0,0.0,0.0,1990.0,1990.0
2599,101.0,100.0,,europe_central,m_all,,,male,-99.0,,0.5422677,0.0,0.0,0.0,0.0,1990.0,1990.0
2600,101.0,100.0,,europe_western,m_all,,,male,-99.0,,0.5263829,0.0,0.0,0.0,0.0,1990.0,1990.0
2601,101.0,100.0,,asia_east,m_all,,,male,-99.0,,0.5354328,0.0,0.0,0.0,0.0,1990.0,1990.0
2602,101.0,100.0,,latin_america_central,m_all,,,male,-99.0,,0.5159543,0.0,0.0,0.0,0.0,1990.0,1990.0
2603,101.0,100.0,,caribbean,m_all,,,male,-99.0,,0.5123942,0.0,0.0,0.0,0.0,1990.0,1990.0
2604,101.0,100.0,,sub-saharan_africa_central,m_all,,,male,-99.0,,0.5295194,0.0,0.0,0.0,0.0,1990.0,1990.0
2605,101.0,100.0,,latin_america_tropical,m_all,,,male,-99.0,,0.5222918,0.0,0.0,0.0,0.0,1990.0,1990.0
2606,101.0,100.0,,latin_america_andean,m_all,,,male,-99.0,,0.514561,0.0,0.0,0.0,0.0,1990.0,1990.0
2607,101.0,100.0,,north_america_high_income,m_all,,,male,-99.0,,0.5200145,0.0,0.0,0.0,0.0,1990.0,1990.0
2608,101.0,100.0,,latin_america_southern,m_all,,,male,-99.0,,0.5342658,0.0,0.0,0.0,0.0,1990.0,1990.0
2609,101.0,100.0,,oceania,m_all,,,male,-99.0,,0.5538635,0.0,0.0,0.0,0.0,1990.0,1990.0
2610,101.0,100.0,,asia_south,m_all,,,male,-99.0,,0.5334588,0.0,0.0,0.0,0.0,1990.0,1990.0
2611,0.0,0.0,,oceania,m_all,,,male,-99.0,,0.0549699,0.0,0.0,0.0,0.0,2005.0,2005.0
2612,0.0,0.0,,latin_america_central,m_all,,,male,-99.0,,0.0211124,0.0,0.0,0.0,0.0,2005.0,2005.0
2613,0.0,0.0,,sub-saharan_africa_central,m_all,,,male,-99.0,,0.120622,0.0,0.0,0.0,0.0,2005.0,2005.0
2614,0.0,0.0,,latin_america_tropical,m_all,,,male,-99.0,,0.0267884,0.0,0.0,0.0,0.0,2005.0,2005.0
2615,0.0,0.0,,latin_america_andean,m_all,,,male,-99.0,,0.0305504,0.0,0.0,0.0,0.0,2005.0,2005.0
2616,0.0,0.0,,sub-saharan_africa_southern,m_all,,,male,-99.0,,0.0486925,0.0,0.0,0.0,0.0,2005.0,2005.0
2617,0.0,0.0,,sub-saharan_africa_east,m_all,,,male,-99.0,,0.082891,0.0,0.0,0.0,0.0,2005.0,2005.0
2618,0.0,0.0,,caribbean,m_all,,,male,-99.0,,0.0391144,0.0,0.0,0.0,0.0,2005.0,2005.0
2619,0.0,0.0,,asia_south,m_all,,,male,-99.0,,0.0613252,0.0,0.0,0.0,0.0,2005.0,2005.0
2620,0.0,0.0,,europe_central,m_all,,,male,-99.0,,0.0087667,0.0,0.0,0.0,0.0,2005.0,2005.0
2621,0.0,0.0,,sub-saharan_africa_west,m_all,,,male,-99.0,,0.1202299,0.0,0.0,0.0,0.0,2005.0,2005.0
2622,0.0,0.0,,north_america_high_income,m_all,,,male,-99.0,,0.0074057,0.0,0.0,0.0,0.0,2005.0,2005.0
2623,0.0,0.0,,north_africa_middle_east,m_all,,,male,-99.0,,0.0392971,0.0,0.0,0.0,0.0,2005.0,2005.0
2624,0.0,0.0,,australasia,m_all,,,male,-99.0,,0.0053131,0.0,0.0,0.0,0.0,2005.0,2005.0
2625,0.0,0.0,,asia_central,m_all,,,male,-99.0,,0.0389398,0.0,0.0,0.0,0.0,2005.0,2005.0
2626,0.0,0.0,,europe_eastern,m_all,,,male,-99.0,,0.0144209,0.0,0.0,0.0,0.0,2005.0,2005.0
2627,0.0,0.0,,asia_southeast,m_all,,,male,-99.0,,0.0308316,0.0,0.0,0.0,0.0,2005.0,2005.0
2628,0.0,0.0,,latin_america_southern,m_all,,,male,-99.0,,0.01384,0.0,0.0,0.0,0.0,2005.0,2005.0
2629,0.0,0.0,,asia_pacific_high_income,m_all,,,male,-99.0,,0.003303,0.0,0.0,0.0,0.0,2005.0,2005.0
2630,0.0,0.0,,europe_western,m_all,,,male,-99.0,,0.0044268,0.0,0.0,0.0,0.0,2005.0,2005.0
2631,4.0,1.0,,caribbean,m_all,,,male,-99.0,,0.0020963,0.0,0.0,0.0,0.0,2005.0,2005.0
2632,4.0,1.0,,europe_central,m_all,,,male,-99.0,,0.0004474,0.0,0.0,0.0,0.0,2005.0,2005.0
2633,4.0,1.0,,latin_america_andean,m_all,,,male,-99.0,,0.0026981,0.0,0.0,0.0,0.0,2005.0,2005.0
2634,4.0,1.0,,north_africa_middle_east,m_all,,,male,-99.0,,0.002644,0.0,0.0,0.0,0.0,2005.0,2005.0
2635,4.0,1.0,,australasia,m_all,,,male,-99.0,,0.0002841,0.0,0.0,0.0,0.0,2005.0,2005.0
2636,4.0,1.0,,asia_southeast,m_all,,,male,-99.0,,0.0024075,0.0,0.0,0.0,0.0,2005.0,2005.0
2637,4.0,1.0,,asia_south,m_all,,,male,-99.0,,0.0037316,0.0,0.0,0.0,0.0,2005.0,2005.0
2638,4.0,1.0,,latin_america_tropical,m_all,,,male,-99.0,,0.0008129,0.0,0.0,0.0,0.0,2005.0,2005.0
2639,4.0,1.0,,sub-saharan_africa_west,m_all,,,male,-99.0,,0.0125724,0.0,0.0,0.0,0.0,2005.0,2005.0
2640,4.0,1.0,,europe_western,m_all,,,male,-99.0,,0.0002258,0.0,0.0,0.0,0.0,2005.0,2005.0
2641,4.0,1.0,,sub-saharan_africa_east,m_all,,,male,-99.0,,0.0090337,0.0,0.0,0.0,0.0,2005.0,2005.0
2642,4.0,1.0,,latin_america_southern,m_all,,,male,-99.0,,0.0005453,0.0,0.0,0.0,0.0,2005.0,2005.0
2643,4.0,1.0,,asia_pacific_high_income,m_all,,,male,-99.0,,0.0002798,0.0,0.0,0.0,0.0,2005.0,2005.0
2644,4.0,1.0,,oceania,m_all,,,male,-99.0,,0.0035274,0.0,0.0,0.0,0.0,2005.0,2005.0
2645,4.0,1.0,,north_america_high_income,m_all,,,male,-99.0,,0.0003175,0.0,0.0,0.0,0.0,2005.0,2005.0
2646,4.0,1.0,,sub-saharan_africa_central,m_all,,,male,-99.0,,0.0124235,0.0,0.0,0.0,0.0,2005.0,2005.0
2647,4.0,1.0,,latin_america_central,m_all,,,male,-99.0,,0.0013638,0.0,0.0,0.0,0.0,2005.0,2005.0
2648,4.0,1.0,,europe_eastern,m_all,,,male,-99.0,,0.0009625,0.0,0.0,0.0,0.0,2005.0,2005.0
2649,4.0,1.0,,sub-saharan_africa_southern,m_all,,,male,-99.0,,0.0052771,0.0,0.0,0.0,0.0,2005.0,2005.0
2650,4.0,1.0,,asia_east,m_all,,,male,-99.0,,0.0010763,0.0,0.0,0.0,0.0,2005.0,2005.0
2651,9.0,5.0,,europe_central,m_all,,,male,-99.0,,0.0002159,0.0,0.0,0.0,0.0,2005.0,2005.0
2652,9.0,5.0,,australasia,m_all,,,male,-99.0,,0.0001317,0.0,0.0,0.0,0.0,2005.0,2005.0
2653,9.0,5.0,,europe_eastern,m_all,,,male,-99.0,,0.0005192,0.0,0.0,0.0,0.0,2005.0,2005.0
2654,9.0,5.0,,sub-saharan_africa_southern,m_all,,,male,-99.0,,0.0010189,0.0,0.0,0.0,0.0,2005.0,2005.0
2655,9.0,5.0,,sub-saharan_africa_east,m_all,,,male,-99.0,,0.0015648,0.0,0.0,0.0,0.0,2005.0,2005.0
2656,9.0,5.0,,north_america_high_income,m_all,,,male,-99.0,,0.0001568,0.0,0.0,0.0,0.0,2005.0,2005.0
2657,9.0,5.0,,latin_america_southern,m_all,,,male,-99.0,,0.000262,0.0,0.0,0.0,0.0,2005.0,2005.0
2658,9.0,5.0,,sub-saharan_africa_central,m_all,,,male,-99.0,,0.0021001,0.0,0.0,0.0,0.0,2005.0,2005.0
2659,9.0,5.0,,caribbean,m_all,,,male,-99.0,,0.0006072,0.0,0.0,0.0,0.0,2005.0,2005.0
2660,9.0,5.0,,oceania,m_all,,,male,-99.0,,0.0008908,0.0,0.0,0.0,0.0,2005.0,2005.0
2661,9.0,5.0,,asia_south,m_all,,,male,-99.0,,0.0012867,0.0,0.0,0.0,0.0,2005.0,2005.0
2662,9.0,5.0,,sub-saharan_africa_west,m_all,,,male,-99.0,,0.0020962,0.0,0.0,0.0,0.0,2005.0,2005.0
2663,9.0,5.0,,asia_southeast,m_all,,,male,-99.0,,0.0006365,0.0,0.0,0.0,0.0,2005.0,2005.0
2664,9.0,5.0,,latin_america_andean,m_all,,,male,-99.0,,0.0006619,0.0,0.0,0.0,0.0,2005.0,2005.0
2665,9.0,5.0,,north_africa_middle_east,m_all,,,male,-99.0,,0.0006435,0.0,0.0,0.0,0.0,2005.0,2005.0
2666,9.0,5.0,,asia_east,m_all,,,male,-99.0,,0.0003817,0.0,0.0,0.0,0.0,2005.0,2005.0
2667,9.0,5.0,,latin_america_tropical,m_all,,,male,-99.0,,0.0003495,0.0,0.0,0.0,0.0,2005.0,2005.0
2668,9.0,5.0,,asia_pacific_high_income,m_all,,,male,-99.0,,0.0001386,0.0,0.0,0.0,0.0,2005.0,2005.0
2669,9.0,5.0,,asia_central,m_all,,,male,-99.0,,0.0006898,0.0,0.0,0.0,0.0,2005.0,2005.0
2670,9.0,5.0,,europe_western,m_all,,,male,-99.0,,0.0001156,0.0,0.0,0.0,0.0,2005.0,2005.0
2671,14.0,10.0,,asia_central,m_all,,,male,-99.0,,0.0006447,0.0,0.0,0.0,0.0,2005.0,2005.0
2672,14.0,10.0,,oceania,m_all,,,male,-99.0,,0.0007665,0.0,0.0,0.0,0.0,2005.0,2005.0
2673,14.0,10.0,,north_africa_middle_east,m_all,,,male,-99.0,,0.0005481,0.0,0.0,0.0,0.0,2005.0,2005.0
2674,14.0,10.0,,north_america_high_income,m_all,,,male,-99.0,,0.0002093,0.0,0.0,0.0,0.0,2005.0,2005.0
2675,14.0,10.0,,latin_america_andean,m_all,,,male,-99.0,,0.0005257,0.0,0.0,0.0,0.0,2005.0,2005.0
2676,14.0,10.0,,sub-saharan_africa_east,m_all,,,male,-99.0,,0.0011194,0.0,0.0,0.0,0.0,2005.0,2005.0
2677,14.0,10.0,,europe_western,m_all,,,male,-99.0,,0.0001417,0.0,0.0,0.0,0.0,2005.0,2005.0
2678,14.0,10.0,,australasia,m_all,,,male,-99.0,,0.0001461,0.0,0.0,0.0,0.0,2005.0,2005.0
2679,14.0,10.0,,europe_eastern,m_all,,,male,-99.0,,0.0005104,0.0,0.0,0.0,0.0,2005.0,2005.0
2680,14.0,10.0,,sub-saharan_africa_central,m_all,,,male,-99.0,,0.0014352,0.0,0.0,0.0,0.0,2005.0,2005.0
2681,14.0,10.0,,caribbean,m_all,,,male,-99.0,,0.000511,0.0,0.0,0.0,0.0,2005.0,2005.0
2682,14.0,10.0,,latin_america_southern,m_all,,,male,-99.0,,0.0003195,0.0,0.0,0.0,0.0,2005.0,2005.0
2683,14.0,10.0,,asia_southeast,m_all,,,male,-99.0,,0.0005539,0.0,0.0,0.0,0.0,2005.0,2005.0
2684,14.0,10.0,,asia_south,m_all,,,male,-99.0,,0.0009301,0.0,0.0,0.0,0.0,2005.0,2005.0
2685,14.0,10.0,,latin_america_central,m_all,,,male,-99.0,,0.0004268,0.0,0.0,0.0,0.0,2005.0,2005.0
2686,14.0,10.0,,sub-saharan_africa_west,m_all,,,male,-99.0,,0.0012527,0.0,0.0,0.0,0.0,2005.0,2005.0
2687,14.0,10.0,,asia_east,m_all,,,male,-99.0,,0.0003538,0.0,0.0,0.0,0.0,2005.0,2005.0
2688,14.0,10.0,,europe_central,m_all,,,male,-99.0,,0.0002413,0.0,0.0,0.0,0.0,2005.0,2005.0
2689,14.0,10.0,,asia_pacific_high_income,m_all,,,male,-99.0,,0.000126,0.0,0.0,0.0,0.0,2005.0,2005.0
2690,14.0,10.0,,sub-saharan_africa_southern,m_all,,,male,-99.0,,0.0007675,0.0,0.0,0.0,0.0,2005.0,2005.0
2691,19.0,15.0,,sub-saharan_africa_east,m_all,,,male,-99.0,,0.0022686,0.0,0.0,0.0,0.0,2005.0,2005.0
2692,19.0,15.0,,latin_america_southern,m_all,,,male,-99.0,,0.000916,0.0,0.0,0.0,0.0,2005.0,2005.0
2693,19.0,15.0,,asia_central,m_all,,,male,-99.0,,0.0016442,0.0,0.0,0.0,0.0,2005.0,2005.0
2694,19.0,15.0,,caribbean,m_all,,,male,-99.0,,0.0011488,0.0,0.0,0.0,0.0,2005.0,2005.0
2695,19.0,15.0,,north_america_high_income,m_all,,,male,-99.0,,0.0008868,0.0,0.0,0.0,0.0,2005.0,2005.0
2696,19.0,15.0,,latin_america_tropical,m_all,,,male,-99.0,,0.0016743,0.0,0.0,0.0,0.0,2005.0,2005.0
2697,19.0,15.0,,asia_pacific_high_income,m_all,,,male,-99.0,,0.0003768,0.0,0.0,0.0,0.0,2005.0,2005.0
2698,19.0,15.0,,europe_eastern,m_all,,,male,-99.0,,0.0014998,0.0,0.0,0.0,0.0,2005.0,2005.0
2699,19.0,15.0,,asia_east,m_all,,,male,-99.0,,0.0009118,0.0,0.0,0.0,0.0,2005.0,2005.0
2700,19.0,15.0,,north_africa_middle_east,m_all,,,male,-99.0,,0.0011056,0.0,0.0,0.0,0.0,2005.0,2005.0
2701,19.0,15.0,,sub-saharan_africa_central,m_all,,,male,-99.0,,0.0027362,0.0,0.0,0.0,0.0,2005.0,2005.0
2702,19.0,15.0,,europe_central,m_all,,,male,-99.0,,0.0006376,0.0,0.0,0.0,0.0,2005.0,2005.0
2703,19.0,15.0,,latin_america_andean,m_all,,,male,-99.0,,0.0009664,0.0,0.0,0.0,0.0,2005.0,2005.0
2704,19.0,15.0,,sub-saharan_africa_west,m_all,,,male,-99.0,,0.0019881,0.0,0.0,0.0,0.0,2005.0,2005.0
2705,19.0,15.0,,oceania,m_all,,,male,-99.0,,0.0017622,0.0,0.0,0.0,0.0,2005.0,2005.0
2706,19.0,15.0,,asia_south,m_all,,,male,-99.0,,0.0014381,0.0,0.0,0.0,0.0,2005.0,2005.0
2707,19.0,15.0,,asia_southeast,m_all,,,male,-99.0,,0.001262,0.0,0.0,0.0,0.0,2005.0,2005.0
2708,19.0,15.0,,latin_america_central,m_all,,,male,-99.0,,0.0014264,0.0,0.0,0.0,0.0,2005.0,2005.0
2709,19.0,15.0,,australasia,m_all,,,male,-99.0,,0.0005743,0.0,0.0,0.0,0.0,2005.0,2005.0
2710,19.0,15.0,,europe_western,m_all,,,male,-99.0,,0.0004983,0.0,0.0,0.0,0.0,2005.0,2005.0
2711,24.0,20.0,,sub-saharan_africa_east,m_all,,,male,-99.0,,0.0042881,0.0,0.0,0.0,0.0,2005.0,2005.0
2712,24.0,20.0,,asia_east,m_all,,,male,-99.0,,0.0012873,0.0,0.0,0.0,0.0,2005.0,2005.0
2713,24.0,20.0,,asia_pacific_high_income,m_all,,,male,-99.0,,0.000591,0.0,0.0,0.0,0.0,2005.0,2005.0
2714,24.0,20.0,,asia_southeast,m_all,,,male,-99.0,,0.0020065,0.0,0.0,0.0,0.0,2005.0,2005.0
2715,24.0,20.0,,latin_america_andean,m_all,,,male,-99.0,,0.0015907,0.0,0.0,0.0,0.0,2005.0,2005.0
2716,24.0,20.0,,north_africa_middle_east,m_all,,,male,-99.0,,0.0015975,0.0,0.0,0.0,0.0,2005.0,2005.0
2717,24.0,20.0,,caribbean,m_all,,,male,-99.0,,0.0018541,0.0,0.0,0.0,0.0,2005.0,2005.0
2718,24.0,20.0,,europe_eastern,m_all,,,male,-99.0,,0.0034187,0.0,0.0,0.0,0.0,2005.0,2005.0
2719,24.0,20.0,,latin_america_tropical,m_all,,,male,-99.0,,0.0024487,0.0,0.0,0.0,0.0,2005.0,2005.0
2720,24.0,20.0,,sub-saharan_africa_central,m_all,,,male,-99.0,,0.0047129,0.0,0.0,0.0,0.0,2005.0,2005.0
2721,24.0,20.0,,sub-saharan_africa_southern,m_all,,,male,-99.0,,0.0053745,0.0,0.0,0.0,0.0,2005.0,2005.0
2722,24.0,20.0,,sub-saharan_africa_west,m_all,,,male,-99.0,,0.0034612,0.0,0.0,0.0,0.0,2005.0,2005.0
2723,24.0,20.0,,latin_america_central,m_all,,,male,-99.0,,0.0023587,0.0,0.0,0.0,0.0,2005.0,2005.0
2724,24.0,20.0,,latin_america_southern,m_all,,,male,-99.0,,0.0013194,0.0,0.0,0.0,0.0,2005.0,2005.0
2725,24.0,20.0,,europe_western,m_all,,,male,-99.0,,0.0007612,0.0,0.0,0.0,0.0,2005.0,2005.0
2726,24.0,20.0,,asia_south,m_all,,,male,-99.0,,0.0020826,0.0,0.0,0.0,0.0,2005.0,2005.0
2727,24.0,20.0,,europe_central,m_all,,,male,-99.0,,0.000996,0.0,0.0,0.0,0.0,2005.0,2005.0
2728,24.0,20.0,,asia_central,m_all,,,male,-99.0,,0.0027349,0.0,0.0,0.0,0.0,2005.0,2005.0
2729,24.0,20.0,,oceania,m_all,,,male,-99.0,,0.0028485,0.0,0.0,0.0,0.0,2005.0,2005.0
2730,24.0,20.0,,australasia,m_all,,,male,-99.0,,0.0008596,0.0,0.0,0.0,0.0,2005.0,2005.0
2731,29.0,25.0,,asia_southeast,m_all,,,male,-99.0,,0.0024231,0.0,0.0,0.0,0.0,2005.0,2005.0
2732,29.0,25.0,,asia_central,m_all,,,male,-99.0,,0.00323,0.0,0.0,0.0,0.0,2005.0,2005.0
2733,29.0,25.0,,asia_east,m_all,,,male,-99.0,,0.0013047,0.0,0.0,0.0,0.0,2005.0,2005.0
2734,29.0,25.0,,north_america_high_income,m_all,,,male,-99.0,,0.0013245,0.0,0.0,0.0,0.0,2005.0,2005.0
2735,29.0,25.0,,oceania,m_all,,,male,-99.0,,0.0034042,0.0,0.0,0.0,0.0,2005.0,2005.0
2736,29.0,25.0,,europe_eastern,m_all,,,male,-99.0,,0.0056313,0.0,0.0,0.0,0.0,2005.0,2005.0
2737,29.0,25.0,,australasia,m_all,,,male,-99.0,,0.0009454,0.0,0.0,0.0,0.0,2005.0,2005.0
2738,29.0,25.0,,sub-saharan_africa_east,m_all,,,male,-99.0,,0.00607,0.0,0.0,0.0,0.0,2005.0,2005.0
2739,29.0,25.0,,sub-saharan_africa_west,m_all,,,male,-99.0,,0.0044823,0.0,0.0,0.0,0.0,2005.0,2005.0
2740,29.0,25.0,,north_africa_middle_east,m_all,,,male,-99.0,,0.0016981,0.0,0.0,0.0,0.0,2005.0,2005.0
2741,29.0,25.0,,latin_america_central,m_all,,,male,-99.0,,0.0025422,0.0,0.0,0.0,0.0,2005.0,2005.0
2742,29.0,25.0,,latin_america_tropical,m_all,,,male,-99.0,,0.0025762,0.0,0.0,0.0,0.0,2005.0,2005.0
2743,29.0,25.0,,europe_western,m_all,,,male,-99.0,,0.0007823,0.0,0.0,0.0,0.0,2005.0,2005.0
2744,29.0,25.0,,asia_south,m_all,,,male,-99.0,,0.0025584,0.0,0.0,0.0,0.0,2005.0,2005.0
2745,29.0,25.0,,europe_central,m_all,,,male,-99.0,,0.0011154,0.0,0.0,0.0,0.0,2005.0,2005.0
2746,29.0,25.0,,latin_america_southern,m_all,,,male,-99.0,,0.0013351,0.0,0.0,0.0,0.0,2005.0,2005.0
2747,29.0,25.0,,sub-saharan_africa_southern,m_all,,,male,-99.0,,0.0120155,0.0,0.0,0.0,0.0,2005.0,2005.0
2748,29.0,25.0,,asia_pacific_high_income,m_all,,,male,-99.0,,0.0006876,0.0,0.0,0.0,0.0,2005.0,2005.0
2749,29.0,25.0,,sub-saharan_africa_central,m_all,,,male,-99.0,,0.0057164,0.0,0.0,0.0,0.0,2005.0,2005.0
2750,29.0,25.0,,caribbean,m_all,,,male,-99.0,,0.0020779,0.0,0.0,0.0,0.0,2005.0,2005.0
2751,34.0,30.0,,europe_central,m_all,,,male,-99.0,,0.001484,0.0,0.0,0.0,0.0,2005.0,2005.0
2752,34.0,30.0,,asia_pacific_high_income,m_all,,,male,-99.0,,0.0008827,0.0,0.0,0.0,0.0,2005.0,2005.0
2753,34.0,30.0,,asia_southeast,m_all,,,male,-99.0,,0.003027,0.0,0.0,0.0,0.0,2005.0,2005.0
2754,34.0,30.0,,latin_america_andean,m_all,,,male,-99.0,,0.0019305,0.0,0.0,0.0,0.0,2005.0,2005.0
2755,34.0,30.0,,latin_america_central,m_all,,,male,-99.0,,0.0026164,0.0,0.0,0.0,0.0,2005.0,2005.0
2756,34.0,30.0,,latin_america_tropical,m_all,,,male,-99.0,,0.0028542,0.0,0.0,0.0,0.0,2005.0,2005.0
2757,34.0,30.0,,north_america_high_income,m_all,,,male,-99.0,,0.0014052,0.0,0.0,0.0,0.0,2005.0,2005.0
2758,34.0,30.0,,sub-saharan_africa_west,m_all,,,male,-99.0,,0.0053362,0.0,0.0,0.0,0.0,2005.0,2005.0
2759,34.0,30.0,,oceania,m_all,,,male,-99.0,,0.004333,0.0,0.0,0.0,0.0,2005.0,2005.0
2760,34.0,30.0,,asia_east,m_all,,,male,-99.0,,0.0014896,0.0,0.0,0.0,0.0,2005.0,2005.0
2761,34.0,30.0,,sub-saharan_africa_southern,m_all,,,male,-99.0,,0.0188292,0.0,0.0,0.0,0.0,2005.0,2005.0
2762,34.0,30.0,,sub-saharan_africa_east,m_all,,,male,-99.0,,0.0076616,0.0,0.0,0.0,0.0,2005.0,2005.0
2763,34.0,30.0,,asia_central,m_all,,,male,-99.0,,0.0039444,0.0,0.0,0.0,0.0,2005.0,2005.0
2764,34.0,30.0,,north_africa_middle_east,m_all,,,male,-99.0,,0.0019319,0.0,0.0,0.0,0.0,2005.0,2005.0
2765,34.0,30.0,,australasia,m_all,,,male,-99.0,,0.0010965,0.0,0.0,0.0,0.0,2005.0,2005.0
2766,34.0,30.0,,caribbean,m_all,,,male,-99.0,,0.0022707,0.0,0.0,0.0,0.0,2005.0,2005.0
2767,34.0,30.0,,europe_western,m_all,,,male,-99.0,,0.0009215,0.0,0.0,0.0,0.0,2005.0,2005.0
2768,34.0,30.0,,europe_eastern,m_all,,,male,-99.0,,0.0073704,0.0,0.0,0.0,0.0,2005.0,2005.0
2769,34.0,30.0,,latin_america_southern,m_all,,,male,-99.0,,0.00155,0.0,0.0,0.0,0.0,2005.0,2005.0
2770,34.0,30.0,,sub-saharan_africa_central,m_all,,,male,-99.0,,0.0069405,0.0,0.0,0.0,0.0,2005.0,2005.0
2771,39.0,35.0,,latin_america_tropical,m_all,,,male,-99.0,,0.0034428,0.0,0.0,0.0,0.0,2005.0,2005.0
2772,39.0,35.0,,australasia,m_all,,,male,-99.0,,0.0012017,0.0,0.0,0.0,0.0,2005.0,2005.0
2773,39.0,35.0,,sub-saharan_africa_east,m_all,,,male,-99.0,,0.0099326,0.0,0.0,0.0,0.0,2005.0,2005.0
2774,39.0,35.0,,asia_south,m_all,,,male,-99.0,,0.0041188,0.0,0.0,0.0,0.0,2005.0,2005.0
2775,39.0,35.0,,sub-saharan_africa_southern,m_all,,,male,-99.0,,0.0218429,0.0,0.0,0.0,0.0,2005.0,2005.0
2776,39.0,35.0,,asia_east,m_all,,,male,-99.0,,0.001998,0.0,0.0,0.0,0.0,2005.0,2005.0
2777,39.0,35.0,,sub-saharan_africa_west,m_all,,,male,-99.0,,0.0067836,0.0,0.0,0.0,0.0,2005.0,2005.0
2778,39.0,35.0,,north_africa_middle_east,m_all,,,male,-99.0,,0.0025814,0.0,0.0,0.0,0.0,2005.0,2005.0
2779,39.0,35.0,,latin_america_andean,m_all,,,male,-99.0,,0.0022771,0.0,0.0,0.0,0.0,2005.0,2005.0
2780,39.0,35.0,,latin_america_southern,m_all,,,male,-99.0,,0.0019523,0.0,0.0,0.0,0.0,2005.0,2005.0
2781,39.0,35.0,,asia_central,m_all,,,male,-99.0,,0.0057749,0.0,0.0,0.0,0.0,2005.0,2005.0
2782,39.0,35.0,,sub-saharan_africa_central,m_all,,,male,-99.0,,0.0093111,0.0,0.0,0.0,0.0,2005.0,2005.0
2783,39.0,35.0,,asia_southeast,m_all,,,male,-99.0,,0.0040188,0.0,0.0,0.0,0.0,2005.0,2005.0
2784,39.0,35.0,,latin_america_central,m_all,,,male,-99.0,,0.0030525,0.0,0.0,0.0,0.0,2005.0,2005.0
2785,39.0,35.0,,asia_pacific_high_income,m_all,,,male,-99.0,,0.0012845,0.0,0.0,0.0,0.0,2005.0,2005.0
2786,39.0,35.0,,europe_central,m_all,,,male,-99.0,,0.0023535,0.0,0.0,0.0,0.0,2005.0,2005.0
2787,39.0,35.0,,europe_western,m_all,,,male,-99.0,,0.0012677,0.0,0.0,0.0,0.0,2005.0,2005.0
2788,39.0,35.0,,oceania,m_all,,,male,-99.0,,0.0060743,0.0,0.0,0.0,0.0,2005.0,2005.0
2789,39.0,35.0,,north_america_high_income,m_all,,,male,-99.0,,0.0018472,0.0,0.0,0.0,0.0,2005.0,2005.0
2790,39.0,35.0,,caribbean,m_all,,,male,-99.0,,0.0028992,0.0,0.0,0.0,0.0,2005.0,2005.0
2791,44.0,40.0,,europe_central,m_all,,,male,-99.0,,0.0040058,0.0,0.0,0.0,0.0,2005.0,2005.0
2792,44.0,40.0,,asia_southeast,m_all,,,male,-99.0,,0.0052362,0.0,0.0,0.0,0.0,2005.0,2005.0
2793,44.0,40.0,,sub-saharan_africa_southern,m_all,,,male,-99.0,,0.0213971,0.0,0.0,0.0,0.0,2005.0,2005.0
2794,44.0,40.0,,latin_america_central,m_all,,,male,-99.0,,0.0038309,0.0,0.0,0.0,0.0,2005.0,2005.0
2795,44.0,40.0,,sub-saharan_africa_east,m_all,,,male,-99.0,,0.0113436,0.0,0.0,0.0,0.0,2005.0,2005.0
2796,44.0,40.0,,europe_eastern,m_all,,,male,-99.0,,0.0131884,0.0,0.0,0.0,0.0,2005.0,2005.0
2797,44.0,40.0,,asia_east,m_all,,,male,-99.0,,0.0029313,0.0,0.0,0.0,0.0,2005.0,2005.0
2798,44.0,40.0,,sub-saharan_africa_central,m_all,,,male,-99.0,,0.0115635,0.0,0.0,0.0,0.0,2005.0,2005.0
2799,44.0,40.0,,latin_america_southern,m_all,,,male,-99.0,,0.0027165,0.0,0.0,0.0,0.0,2005.0,2005.0
2800,44.0,40.0,,australasia,m_all,,,male,-99.0,,0.0016624,0.0,0.0,0.0,0.0,2005.0,2005.0
2801,44.0,40.0,,asia_pacific_high_income,m_all,,,male,-99.0,,0.0021204,0.0,0.0,0.0,0.0,2005.0,2005.0
2802,44.0,40.0,,caribbean,m_all,,,male,-99.0,,0.0040087,0.0,0.0,0.0,0.0,2005.0,2005.0
2803,44.0,40.0,,latin_america_tropical,m_all,,,male,-99.0,,0.0043834,0.0,0.0,0.0,0.0,2005.0,2005.0
2804,44.0,40.0,,latin_america_andean,m_all,,,male,-99.0,,0.0028642,0.0,0.0,0.0,0.0,2005.0,2005.0
2805,44.0,40.0,,asia_south,m_all,,,male,-99.0,,0.0052749,0.0,0.0,0.0,0.0,2005.0,2005.0
2806,44.0,40.0,,europe_western,m_all,,,male,-99.0,,0.0019776,0.0,0.0,0.0,0.0,2005.0,2005.0
2807,44.0,40.0,,north_america_high_income,m_all,,,male,-99.0,,0.0027904,0.0,0.0,0.0,0.0,2005.0,2005.0
2808,44.0,40.0,,oceania,m_all,,,male,-99.0,,0.008486,0.0,0.0,0.0,0.0,2005.0,2005.0
2809,44.0,40.0,,sub-saharan_africa_west,m_all,,,male,-99.0,,0.0080671,0.0,0.0,0.0,0.0,2005.0,2005.0
2810,44.0,40.0,,north_africa_middle_east,m_all,,,male,-99.0,,0.0036102,0.0,0.0,0.0,0.0,2005.0,2005.0
2811,49.0,45.0,,asia_east,m_all,,,male,-99.0,,0.0045851,0.0,0.0,0.0,0.0,2005.0,2005.0
2812,49.0,45.0,,sub-saharan_africa_southern,m_all,,,male,-99.0,,0.0218698,0.0,0.0,0.0,0.0,2005.0,2005.0
2813,49.0,45.0,,latin_america_tropical,m_all,,,male,-99.0,,0.0062384,0.0,0.0,0.0,0.0,2005.0,2005.0
2814,49.0,45.0,,asia_southeast,m_all,,,male,-99.0,,0.0072786,0.0,0.0,0.0,0.0,2005.0,2005.0
2815,49.0,45.0,,latin_america_southern,m_all,,,male,-99.0,,0.0043405,0.0,0.0,0.0,0.0,2005.0,2005.0
2816,49.0,45.0,,sub-saharan_africa_central,m_all,,,male,-99.0,,0.0149447,0.0,0.0,0.0,0.0,2005.0,2005.0
2817,49.0,45.0,,asia_south,m_all,,,male,-99.0,,0.0073129,0.0,0.0,0.0,0.0,2005.0,2005.0
2818,49.0,45.0,,caribbean,m_all,,,male,-99.0,,0.0062842,0.0,0.0,0.0,0.0,2005.0,2005.0
2819,49.0,45.0,,north_america_high_income,m_all,,,male,-99.0,,0.0042702,0.0,0.0,0.0,0.0,2005.0,2005.0
2820,49.0,45.0,,oceania,m_all,,,male,-99.0,,0.0121573,0.0,0.0,0.0,0.0,2005.0,2005.0
2821,49.0,45.0,,asia_pacific_high_income,m_all,,,male,-99.0,,0.0032998,0.0,0.0,0.0,0.0,2005.0,2005.0
2822,49.0,45.0,,sub-saharan_africa_west,m_all,,,male,-99.0,,0.0102902,0.0,0.0,0.0,0.0,2005.0,2005.0
2823,49.0,45.0,,europe_eastern,m_all,,,male,-99.0,,0.0182365,0.0,0.0,0.0,0.0,2005.0,2005.0
2824,49.0,45.0,,asia_central,m_all,,,male,-99.0,,0.0112025,0.0,0.0,0.0,0.0,2005.0,2005.0
2825,49.0,45.0,,latin_america_andean,m_all,,,male,-99.0,,0.0038684,0.0,0.0,0.0,0.0,2005.0,2005.0
2826,49.0,45.0,,australasia,m_all,,,male,-99.0,,0.0024095,0.0,0.0,0.0,0.0,2005.0,2005.0
2827,49.0,45.0,,north_africa_middle_east,m_all,,,male,-99.0,,0.0054712,0.0,0.0,0.0,0.0,2005.0,2005.0
2828,49.0,45.0,,europe_western,m_all,,,male,-99.0,,0.0032333,0.0,0.0,0.0,0.0,2005.0,2005.0
2829,49.0,45.0,,latin_america_central,m_all,,,male,-99.0,,0.0050008,0.0,0.0,0.0,0.0,2005.0,2005.0
2830,49.0,45.0,,sub-saharan_africa_east,m_all,,,male,-99.0,,0.0138846,0.0,0.0,0.0,0.0,2005.0,2005.0
2831,54.0,50.0,,oceania,m_all,,,male,-99.0,,0.0179573,0.0,0.0,0.0,0.0,2005.0,2005.0
2832,54.0,50.0,,asia_pacific_high_income,m_all,,,male,-99.0,,0.0048994,0.0,0.0,0.0,0.0,2005.0,2005.0
2833,54.0,50.0,,australasia,m_all,,,male,-99.0,,0.0035397,0.0,0.0,0.0,0.0,2005.0,2005.0
2834,54.0,50.0,,sub-saharan_africa_southern,m_all,,,male,-99.0,,0.023653,0.0,0.0,0.0,0.0,2005.0,2005.0
2835,54.0,50.0,,asia_east,m_all,,,male,-99.0,,0.0073739,0.0,0.0,0.0,0.0,2005.0,2005.0
2836,54.0,50.0,,latin_america_southern,m_all,,,male,-99.0,,0.0071828,0.0,0.0,0.0,0.0,2005.0,2005.0
2837,54.0,50.0,,europe_eastern,m_all,,,male,-99.0,,0.0252406,0.0,0.0,0.0,0.0,2005.0,2005.0
2838,54.0,50.0,,asia_south,m_all,,,male,-99.0,,0.0107677,0.0,0.0,0.0,0.0,2005.0,2005.0
2839,54.0,50.0,,north_america_high_income,m_all,,,male,-99.0,,0.00638,0.0,0.0,0.0,0.0,2005.0,2005.0
2840,54.0,50.0,,north_africa_middle_east,m_all,,,male,-99.0,,0.0086525,0.0,0.0,0.0,0.0,2005.0,2005.0
2841,54.0,50.0,,latin_america_andean,m_all,,,male,-99.0,,0.0055758,0.0,0.0,0.0,0.0,2005.0,2005.0
2842,54.0,50.0,,latin_america_tropical,m_all,,,male,-99.0,,0.0087566,0.0,0.0,0.0,0.0,2005.0,2005.0
2843,54.0,50.0,,sub-saharan_africa_west,m_all,,,male,-99.0,,0.0137245,0.0,0.0,0.0,0.0,2005.0,2005.0
2844,54.0,50.0,,latin_america_central,m_all,,,male,-99.0,,0.0067545,0.0,0.0,0.0,0.0,2005.0,2005.0
2845,54.0,50.0,,europe_central,m_all,,,male,-99.0,,0.010869,0.0,0.0,0.0,0.0,2005.0,2005.0
2846,54.0,50.0,,sub-saharan_africa_central,m_all,,,male,-99.0,,0.0203158,0.0,0.0,0.0,0.0,2005.0,2005.0
2847,54.0,50.0,,sub-saharan_africa_east,m_all,,,male,-99.0,,0.0178644,0.0,0.0,0.0,0.0,2005.0,2005.0
2848,54.0,50.0,,asia_central,m_all,,,male,-99.0,,0.0167853,0.0,0.0,0.0,0.0,2005.0,2005.0
2849,54.0,50.0,,caribbean,m_all,,,male,-99.0,,0.0092342,0.0,0.0,0.0,0.0,2005.0,2005.0
2850,54.0,50.0,,europe_western,m_all,,,male,-99.0,,0.0050881,0.0,0.0,0.0,0.0,2005.0,2005.0
2851,59.0,55.0,,sub-saharan_africa_central,m_all,,,male,-99.0,,0.0263108,0.0,0.0,0.0,0.0,2005.0,2005.0
2852,59.0,55.0,,north_africa_middle_east,m_all,,,male,-99.0,,0.013258,0.0,0.0,0.0,0.0,2005.0,2005.0
2853,59.0,55.0,,oceania,m_all,,,male,-99.0,,0.0254902,0.0,0.0,0.0,0.0,2005.0,2005.0
2854,59.0,55.0,,sub-saharan_africa_east,m_all,,,male,-99.0,,0.0229055,0.0,0.0,0.0,0.0,2005.0,2005.0
2855,59.0,55.0,,caribbean,m_all,,,male,-99.0,,0.0135887,0.0,0.0,0.0,0.0,2005.0,2005.0
2856,59.0,55.0,,asia_southeast,m_all,,,male,-99.0,,0.0151727,0.0,0.0,0.0,0.0,2005.0,2005.0
2857,59.0,55.0,,europe_eastern,m_all,,,male,-99.0,,0.0326068,0.0,0.0,0.0,0.0,2005.0,2005.0
2858,59.0,55.0,,europe_central,m_all,,,male,-99.0,,0.0159255,0.0,0.0,0.0,0.0,2005.0,2005.0
2859,59.0,55.0,,europe_western,m_all,,,male,-99.0,,0.0076868,0.0,0.0,0.0,0.0,2005.0,2005.0
2860,59.0,55.0,,asia_east,m_all,,,male,-99.0,,0.011869,0.0,0.0,0.0,0.0,2005.0,2005.0
2861,59.0,55.0,,latin_america_southern,m_all,,,male,-99.0,,0.0114325,0.0,0.0,0.0,0.0,2005.0,2005.0
2862,59.0,55.0,,asia_south,m_all,,,male,-99.0,,0.0158237,0.0,0.0,0.0,0.0,2005.0,2005.0
2863,59.0,55.0,,australasia,m_all,,,male,-99.0,,0.0055873,0.0,0.0,0.0,0.0,2005.0,2005.0
2864,59.0,55.0,,asia_pacific_high_income,m_all,,,male,-99.0,,0.0072915,0.0,0.0,0.0,0.0,2005.0,2005.0
2865,59.0,55.0,,asia_central,m_all,,,male,-99.0,,0.0238588,0.0,0.0,0.0,0.0,2005.0,2005.0
2866,59.0,55.0,,sub-saharan_africa_southern,m_all,,,male,-99.0,,0.0266405,0.0,0.0,0.0,0.0,2005.0,2005.0
2867,59.0,55.0,,north_america_high_income,m_all,,,male,-99.0,,0.0089853,0.0,0.0,0.0,0.0,2005.0,2005.0
2868,59.0,55.0,,sub-saharan_africa_west,m_all,,,male,-99.0,,0.0182028,0.0,0.0,0.0,0.0,2005.0,2005.0
2869,59.0,55.0,,latin_america_andean,m_all,,,male,-99.0,,0.0083375,0.0,0.0,0.0,0.0,2005.0,2005.0
2870,59.0,55.0,,latin_america_central,m_all,,,male,-99.0,,0.0099058,0.0,0.0,0.0,0.0,2005.0,2005.0
2871,64.0,60.0,,asia_southeast,m_all,,,male,-99.0,,0.0226694,0.0,0.0,0.0,0.0,2005.0,2005.0
2872,64.0,60.0,,sub-saharan_africa_east,m_all,,,male,-99.0,,0.0322049,0.0,0.0,0.0,0.0,2005.0,2005.0
2873,64.0,60.0,,latin_america_southern,m_all,,,male,-99.0,,0.0181073,0.0,0.0,0.0,0.0,2005.0,2005.0
2874,64.0,60.0,,sub-saharan_africa_west,m_all,,,male,-99.0,,0.0261904,0.0,0.0,0.0,0.0,2005.0,2005.0
2875,64.0,60.0,,north_america_high_income,m_all,,,male,-99.0,,0.01382,0.0,0.0,0.0,0.0,2005.0,2005.0
2876,64.0,60.0,,sub-saharan_africa_central,m_all,,,male,-99.0,,0.0389544,0.0,0.0,0.0,0.0,2005.0,2005.0
2877,64.0,60.0,,caribbean,m_all,,,male,-99.0,,0.0202173,0.0,0.0,0.0,0.0,2005.0,2005.0
2878,64.0,60.0,,latin_america_tropical,m_all,,,male,-99.0,,0.0187465,0.0,0.0,0.0,0.0,2005.0,2005.0
2879,64.0,60.0,,asia_south,m_all,,,male,-99.0,,0.0244492,0.0,0.0,0.0,0.0,2005.0,2005.0
2880,64.0,60.0,,asia_pacific_high_income,m_all,,,male,-99.0,,0.011344,0.0,0.0,0.0,0.0,2005.0,2005.0
2881,64.0,60.0,,latin_america_central,m_all,,,male,-99.0,,0.0148982,0.0,0.0,0.0,0.0,2005.0,2005.0
2882,64.0,60.0,,oceania,m_all,,,male,-99.0,,0.0373853,0.0,0.0,0.0,0.0,2005.0,2005.0
2883,64.0,60.0,,australasia,m_all,,,male,-99.0,,0.0093339,0.0,0.0,0.0,0.0,2005.0,2005.0
2884,64.0,60.0,,latin_america_andean,m_all,,,male,-99.0,,0.0132718,0.0,0.0,0.0,0.0,2005.0,2005.0
2885,64.0,60.0,,asia_east,m_all,,,male,-99.0,,0.0191994,0.0,0.0,0.0,0.0,2005.0,2005.0
2886,64.0,60.0,,sub-saharan_africa_southern,m_all,,,male,-99.0,,0.0325154,0.0,0.0,0.0,0.0,2005.0,2005.0
2887,64.0,60.0,,asia_central,m_all,,,male,-99.0,,0.0343618,0.0,0.0,0.0,0.0,2005.0,2005.0
2888,64.0,60.0,,europe_western,m_all,,,male,-99.0,,0.0118598,0.0,0.0,0.0,0.0,2005.0,2005.0
2889,64.0,60.0,,europe_central,m_all,,,male,-99.0,,0.0235135,0.0,0.0,0.0,0.0,2005.0,2005.0
2890,64.0,60.0,,europe_eastern,m_all,,,male,-99.0,,0.0439343,0.0,0.0,0.0,0.0,2005.0,2005.0
2891,69.0,65.0,,latin_america_andean,m_all,,,male,-99.0,,0.020052,0.0,0.0,0.0,0.0,2005.0,2005.0
2892,69.0,65.0,,sub-saharan_africa_southern,m_all,,,male,-99.0,,0.042581,0.0,0.0,0.0,0.0,2005.0,2005.0
2893,69.0,65.0,,caribbean,m_all,,,male,-99.0,,0.0293635,0.0,0.0,0.0,0.0,2005.0,2005.0
2894,69.0,65.0,,sub-saharan_africa_central,m_all,,,male,-99.0,,0.0518045,0.0,0.0,0.0,0.0,2005.0,2005.0
2895,69.0,65.0,,europe_central,m_all,,,male,-99.0,,0.0341661,0.0,0.0,0.0,0.0,2005.0,2005.0
2896,69.0,65.0,,asia_central,m_all,,,male,-99.0,,0.048861,0.0,0.0,0.0,0.0,2005.0,2005.0
2897,69.0,65.0,,asia_south,m_all,,,male,-99.0,,0.0375096,0.0,0.0,0.0,0.0,2005.0,2005.0
2898,69.0,65.0,,latin_america_tropical,m_all,,,male,-99.0,,0.0274558,0.0,0.0,0.0,0.0,2005.0,2005.0
2899,69.0,65.0,,latin_america_central,m_all,,,male,-99.0,,0.0232159,0.0,0.0,0.0,0.0,2005.0,2005.0
2900,69.0,65.0,,asia_southeast,m_all,,,male,-99.0,,0.0331707,0.0,0.0,0.0,0.0,2005.0,2005.0
2901,69.0,65.0,,europe_eastern,m_all,,,male,-99.0,,0.0571758,0.0,0.0,0.0,0.0,2005.0,2005.0
2902,69.0,65.0,,australasia,m_all,,,male,-99.0,,0.0155339,0.0,0.0,0.0,0.0,2005.0,2005.0
2903,69.0,65.0,,sub-saharan_africa_east,m_all,,,male,-99.0,,0.0436877,0.0,0.0,0.0,0.0,2005.0,2005.0
2904,69.0,65.0,,asia_east,m_all,,,male,-99.0,,0.0301876,0.0,0.0,0.0,0.0,2005.0,2005.0
2905,69.0,65.0,,oceania,m_all,,,male,-99.0,,0.0524034,0.0,0.0,0.0,0.0,2005.0,2005.0
2906,69.0,65.0,,north_america_high_income,m_all,,,male,-99.0,,0.0206739,0.0,0.0,0.0,0.0,2005.0,2005.0
2907,69.0,65.0,,latin_america_southern,m_all,,,male,-99.0,,0.0273053,0.0,0.0,0.0,0.0,2005.0,2005.0
2908,69.0,65.0,,europe_western,m_all,,,male,-99.0,,0.0187722,0.0,0.0,0.0,0.0,2005.0,2005.0
2909,69.0,65.0,,north_africa_middle_east,m_all,,,male,-99.0,,0.0307976,0.0,0.0,0.0,0.0,2005.0,2005.0
2910,69.0,65.0,,sub-saharan_africa_west,m_all,,,male,-99.0,,0.0366859,0.0,0.0,0.0,0.0,2005.0,2005.0
2911,74.0,70.0,,sub-saharan_africa_southern,m_all,,,male,-99.0,,0.0621238,0.0,0.0,0.0,0.0,2005.0,2005.0
2912,74.0,70.0,,oceania,m_all,,,male,-99.0,,0.0763118,0.0,0.0,0.0,0.0,2005.0,2005.0
2913,74.0,70.0,,europe_eastern,m_all,,,male,-99.0,,0.0775385,0.0,0.0,0.0,0.0,2005.0,2005.0
2914,74.0,70.0,,asia_south,m_all,,,male,-99.0,,0.0547751,0.0,0.0,0.0,0.0,2005.0,2005.0
2915,74.0,70.0,,asia_southeast,m_all,,,male,-99.0,,0.0497171,0.0,0.0,0.0,0.0,2005.0,2005.0
2916,74.0,70.0,,sub-saharan_africa_west,m_all,,,male,-99.0,,0.0547666,0.0,0.0,0.0,0.0,2005.0,2005.0
2917,74.0,70.0,,europe_central,m_all,,,male,-99.0,,0.0506169,0.0,0.0,0.0,0.0,2005.0,2005.0
2918,74.0,70.0,,latin_america_southern,m_all,,,male,-99.0,,0.0430418,0.0,0.0,0.0,0.0,2005.0,2005.0
2919,74.0,70.0,,latin_america_andean,m_all,,,male,-99.0,,0.0316499,0.0,0.0,0.0,0.0,2005.0,2005.0
2920,74.0,70.0,,north_africa_middle_east,m_all,,,male,-99.0,,0.0468558,0.0,0.0,0.0,0.0,2005.0,2005.0
2921,74.0,70.0,,asia_east,m_all,,,male,-99.0,,0.0475383,0.0,0.0,0.0,0.0,2005.0,2005.0
2922,74.0,70.0,,asia_central,m_all,,,male,-99.0,,0.0683104,0.0,0.0,0.0,0.0,2005.0,2005.0
2923,74.0,70.0,,latin_america_central,m_all,,,male,-99.0,,0.0351113,0.0,0.0,0.0,0.0,2005.0,2005.0
2924,74.0,70.0,,australasia,m_all,,,male,-99.0,,0.0262248,0.0,0.0,0.0,0.0,2005.0,2005.0
2925,74.0,70.0,,europe_western,m_all,,,male,-99.0,,0.030779,0.0,0.0,0.0,0.0,2005.0,2005.0
2926,74.0,70.0,,caribbean,m_all,,,male,-99.0,,0.0450021,0.0,0.0,0.0,0.0,2005.0,2005.0
2927,74.0,70.0,,latin_america_tropical,m_all,,,male,-99.0,,0.042372,0.0,0.0,0.0,0.0,2005.0,2005.0
2928,74.0,70.0,,north_america_high_income,m_all,,,male,-99.0,,0.0321217,0.0,0.0,0.0,0.0,2005.0,2005.0
2929,74.0,70.0,,sub-saharan_africa_east,m_all,,,male,-99.0,,0.0625432,0.0,0.0,0.0,0.0,2005.0,2005.0
2930,74.0,70.0,,sub-saharan_africa_central,m_all,,,male,-99.0,,0.074163,0.0,0.0,0.0,0.0,2005.0,2005.0
2931,79.0,75.0,,sub-saharan_africa_central,m_all,,,male,-99.0,,0.0967139,0.0,0.0,0.0,0.0,2005.0,2005.0
2932,79.0,75.0,,asia_southeast,m_all,,,male,-99.0,,0.0743237,0.0,0.0,0.0,0.0,2005.0,2005.0
2933,79.0,75.0,,latin_america_central,m_all,,,male,-99.0,,0.0520481,0.0,0.0,0.0,0.0,2005.0,2005.0
2934,79.0,75.0,,asia_central,m_all,,,male,-99.0,,0.097843,0.0,0.0,0.0,0.0,2005.0,2005.0
2935,79.0,75.0,,latin_america_southern,m_all,,,male,-99.0,,0.0655192,0.0,0.0,0.0,0.0,2005.0,2005.0
2936,79.0,75.0,,asia_south,m_all,,,male,-99.0,,0.0811675,0.0,0.0,0.0,0.0,2005.0,2005.0
2937,79.0,75.0,,europe_western,m_all,,,male,-99.0,,0.0515803,0.0,0.0,0.0,0.0,2005.0,2005.0
2938,79.0,75.0,,latin_america_tropical,m_all,,,male,-99.0,,0.0615784,0.0,0.0,0.0,0.0,2005.0,2005.0
2939,79.0,75.0,,north_africa_middle_east,m_all,,,male,-99.0,,0.0712747,0.0,0.0,0.0,0.0,2005.0,2005.0
2940,79.0,75.0,,asia_pacific_high_income,m_all,,,male,-99.0,,0.0460064,0.0,0.0,0.0,0.0,2005.0,2005.0
2941,79.0,75.0,,sub-saharan_africa_southern,m_all,,,male,-99.0,,0.0892615,0.0,0.0,0.0,0.0,2005.0,2005.0
2942,79.0,75.0,,australasia,m_all,,,male,-99.0,,0.044863,0.0,0.0,0.0,0.0,2005.0,2005.0
2943,79.0,75.0,,caribbean,m_all,,,male,-99.0,,0.0670149,0.0,0.0,0.0,0.0,2005.0,2005.0
2944,79.0,75.0,,sub-saharan_africa_east,m_all,,,male,-99.0,,0.0865694,0.0,0.0,0.0,0.0,2005.0,2005.0
2945,79.0,75.0,,latin_america_andean,m_all,,,male,-99.0,,0.0494223,0.0,0.0,0.0,0.0,2005.0,2005.0
2946,79.0,75.0,,asia_east,m_all,,,male,-99.0,,0.0739182,0.0,0.0,0.0,0.0,2005.0,2005.0
2947,79.0,75.0,,oceania,m_all,,,male,-99.0,,0.1064829,0.0,0.0,0.0,0.0,2005.0,2005.0
2948,79.0,75.0,,north_america_high_income,m_all,,,male,-99.0,,0.0508539,0.0,0.0,0.0,0.0,2005.0,2005.0
2949,79.0,75.0,,sub-saharan_africa_west,m_all,,,male,-99.0,,0.0789244,0.0,0.0,0.0,0.0,2005.0,2005.0
2950,79.0,75.0,,europe_eastern,m_all,,,male,-99.0,,0.1077861,0.0,0.0,0.0,0.0,2005.0,2005.0
2951,84.0,80.0,,sub-saharan_africa_southern,m_all,,,male,-99.0,,0.1277111,0.0,0.0,0.0,0.0,2005.0,2005.0
2952,84.0,80.0,,sub-saharan_africa_west,m_all,,,male,-99.0,,0.1111231,0.0,0.0,0.0,0.0,2005.0,2005.0
2953,84.0,80.0,,latin_america_southern,m_all,,,male,-99.0,,0.1042082,0.0,0.0,0.0,0.0,2005.0,2005.0
2954,84.0,80.0,,asia_east,m_all,,,male,-99.0,,0.1136811,0.0,0.0,0.0,0.0,2005.0,2005.0
2955,84.0,80.0,,latin_america_central,m_all,,,male,-99.0,,0.0830006,0.0,0.0,0.0,0.0,2005.0,2005.0
2956,84.0,80.0,,australasia,m_all,,,male,-99.0,,0.0770823,0.0,0.0,0.0,0.0,2005.0,2005.0
2957,84.0,80.0,,latin_america_andean,m_all,,,male,-99.0,,0.075769,0.0,0.0,0.0,0.0,2005.0,2005.0
2958,84.0,80.0,,caribbean,m_all,,,male,-99.0,,0.1037029,0.0,0.0,0.0,0.0,2005.0,2005.0
2959,84.0,80.0,,asia_central,m_all,,,male,-99.0,,0.1385318,0.0,0.0,0.0,0.0,2005.0,2005.0
2960,84.0,80.0,,asia_south,m_all,,,male,-99.0,,0.1103615,0.0,0.0,0.0,0.0,2005.0,2005.0
2961,84.0,80.0,,north_africa_middle_east,m_all,,,male,-99.0,,0.107979,0.0,0.0,0.0,0.0,2005.0,2005.0
2962,84.0,80.0,,sub-saharan_africa_central,m_all,,,male,-99.0,,0.1230244,0.0,0.0,0.0,0.0,2005.0,2005.0
2963,84.0,80.0,,sub-saharan_africa_east,m_all,,,male,-99.0,,0.1184976,0.0,0.0,0.0,0.0,2005.0,2005.0
2964,84.0,80.0,,europe_western,m_all,,,male,-99.0,,0.0881659,0.0,0.0,0.0,0.0,2005.0,2005.0
2965,84.0,80.0,,latin_america_tropical,m_all,,,male,-99.0,,0.0893812,0.0,0.0,0.0,0.0,2005.0,2005.0
2966,84.0,80.0,,oceania,m_all,,,male,-99.0,,0.1493937,0.0,0.0,0.0,0.0,2005.0,2005.0
2967,84.0,80.0,,europe_eastern,m_all,,,male,-99.0,,0.1444634,0.0,0.0,0.0,0.0,2005.0,2005.0
2968,84.0,80.0,,asia_pacific_high_income,m_all,,,male,-99.0,,0.0771655,0.0,0.0,0.0,0.0,2005.0,2005.0
2969,84.0,80.0,,asia_southeast,m_all,,,male,-99.0,,0.1115042,0.0,0.0,0.0,0.0,2005.0,2005.0
2970,84.0,80.0,,north_america_high_income,m_all,,,male,-99.0,,0.0812716,0.0,0.0,0.0,0.0,2005.0,2005.0
2971,89.0,85.0,,europe_central,m_all,,,male,-99.0,,0.1860136,0.0,0.0,0.0,0.0,2005.0,2005.0
2972,89.0,85.0,,europe_western,m_all,,,male,-99.0,,0.1495714,0.0,0.0,0.0,0.0,2005.0,2005.0
2973,89.0,85.0,,north_america_high_income,m_all,,,male,-99.0,,0.1408565,0.0,0.0,0.0,0.0,2005.0,2005.0
2974,89.0,85.0,,europe_eastern,m_all,,,male,-99.0,,0.2112826,0.0,0.0,0.0,0.0,2005.0,2005.0
2975,89.0,85.0,,sub-saharan_africa_east,m_all,,,male,-99.0,,0.1837964,0.0,0.0,0.0,0.0,2005.0,2005.0
2976,89.0,85.0,,asia_east,m_all,,,male,-99.0,,0.1785893,0.0,0.0,0.0,0.0,2005.0,2005.0
2977,89.0,85.0,,caribbean,m_all,,,male,-99.0,,0.163709,0.0,0.0,0.0,0.0,2005.0,2005.0
2978,89.0,85.0,,sub-saharan_africa_central,m_all,,,male,-99.0,,0.1886997,0.0,0.0,0.0,0.0,2005.0,2005.0
2979,89.0,85.0,,australasia,m_all,,,male,-99.0,,0.1355899,0.0,0.0,0.0,0.0,2005.0,2005.0
2980,89.0,85.0,,latin_america_andean,m_all,,,male,-99.0,,0.1323914,0.0,0.0,0.0,0.0,2005.0,2005.0
2981,89.0,85.0,,asia_southeast,m_all,,,male,-99.0,,0.1751077,0.0,0.0,0.0,0.0,2005.0,2005.0
2982,89.0,85.0,,latin_america_tropical,m_all,,,male,-99.0,,0.1506535,0.0,0.0,0.0,0.0,2005.0,2005.0
2983,89.0,85.0,,asia_south,m_all,,,male,-99.0,,0.1749386,0.0,0.0,0.0,0.0,2005.0,2005.0
2984,89.0,85.0,,latin_america_central,m_all,,,male,-99.0,,0.1424332,0.0,0.0,0.0,0.0,2005.0,2005.0
2985,89.0,85.0,,asia_central,m_all,,,male,-99.0,,0.2046378,0.0,0.0,0.0,0.0,2005.0,2005.0
2986,89.0,85.0,,sub-saharan_africa_southern,m_all,,,male,-99.0,,0.1935588,0.0,0.0,0.0,0.0,2005.0,2005.0
2987,89.0,85.0,,oceania,m_all,,,male,-99.0,,0.2156673,0.0,0.0,0.0,0.0,2005.0,2005.0
2988,89.0,85.0,,latin_america_southern,m_all,,,male,-99.0,,0.1668449,0.0,0.0,0.0,0.0,2005.0,2005.0
2989,89.0,85.0,,asia_pacific_high_income,m_all,,,male,-99.0,,0.1347335,0.0,0.0,0.0,0.0,2005.0,2005.0
2990,89.0,85.0,,sub-saharan_africa_west,m_all,,,male,-99.0,,0.1756054,0.0,0.0,0.0,0.0,2005.0,2005.0
2991,94.0,90.0,,asia_east,m_all,,,male,-99.0,,0.272051,0.0,0.0,0.0,0.0,2005.0,2005.0
2992,94.0,90.0,,australasia,m_all,,,male,-99.0,,0.2296036,0.0,0.0,0.0,0.0,2005.0,2005.0
2993,94.0,90.0,,latin_america_southern,m_all,,,male,-99.0,,0.2588083,0.0,0.0,0.0,0.0,2005.0,2005.0
2994,94.0,90.0,,latin_america_central,m_all,,,male,-99.0,,0.2359284,0.0,0.0,0.0,0.0,2005.0,2005.0
2995,94.0,90.0,,europe_central,m_all,,,male,-99.0,,0.2792425,0.0,0.0,0.0,0.0,2005.0,2005.0
2996,94.0,90.0,,asia_southeast,m_all,,,male,-99.0,,0.2670765,0.0,0.0,0.0,0.0,2005.0,2005.0
2997,94.0,90.0,,sub-saharan_africa_southern,m_all,,,male,-99.0,,0.2866284,0.0,0.0,0.0,0.0,2005.0,2005.0
2998,94.0,90.0,,north_america_high_income,m_all,,,male,-99.0,,0.2350066,0.0,0.0,0.0,0.0,2005.0,2005.0
2999,94.0,90.0,,asia_south,m_all,,,male,-99.0,,0.2692102,0.0,0.0,0.0,0.0,2005.0,2005.0
3000,94.0,90.0,,asia_pacific_high_income,m_all,,,male,-99.0,,0.2277611,0.0,0.0,0.0,0.0,2005.0,2005.0
3001,94.0,90.0,,caribbean,m_all,,,male,-99.0,,0.2551796,0.0,0.0,0.0,0.0,2005.0,2005.0
3002,94.0,90.0,,asia_central,m_all,,,male,-99.0,,0.2966491,0.0,0.0,0.0,0.0,2005.0,2005.0
3003,94.0,90.0,,sub-saharan_africa_east,m_all,,,male,-99.0,,0.2777012,0.0,0.0,0.0,0.0,2005.0,2005.0
3004,94.0,90.0,,sub-saharan_africa_west,m_all,,,male,-99.0,,0.2695931,0.0,0.0,0.0,0.0,2005.0,2005.0
3005,94.0,90.0,,sub-saharan_africa_central,m_all,,,male,-99.0,,0.2819387,0.0,0.0,0.0,0.0,2005.0,2005.0
3006,94.0,90.0,,europe_western,m_all,,,male,-99.0,,0.2430525,0.0,0.0,0.0,0.0,2005.0,2005.0
3007,94.0,90.0,,latin_america_andean,m_all,,,male,-99.0,,0.2246167,0.0,0.0,0.0,0.0,2005.0,2005.0
3008,94.0,90.0,,oceania,m_all,,,male,-99.0,,0.3059028,0.0,0.0,0.0,0.0,2005.0,2005.0
3009,94.0,90.0,,europe_eastern,m_all,,,male,-99.0,,0.3031083,0.0,0.0,0.0,0.0,2005.0,2005.0
3010,94.0,90.0,,latin_america_tropical,m_all,,,male,-99.0,,0.2449554,0.0,0.0,0.0,0.0,2005.0,2005.0
3011,99.0,95.0,,latin_america_tropical,m_all,,,male,-99.0,,0.3631837,0.0,0.0,0.0,0.0,2005.0,2005.0
3012,99.0,95.0,,north_america_high_income,m_all,,,male,-99.0,,0.3544496,0.0,0.0,0.0,0.0,2005.0,2005.0
3013,99.0,95.0,,europe_eastern,m_all,,,male,-99.0,,0.4117017,0.0,0.0,0.0,0.0,2005.0,2005.0
3014,99.0,95.0,,asia_south,m_all,,,male,-99.0,,0.3842375,0.0,0.0,0.0,0.0,2005.0,2005.0
3015,99.0,95.0,,sub-saharan_africa_east,m_all,,,male,-99.0,,0.3906609,0.0,0.0,0.0,0.0,2005.0,2005.0
3016,99.0,95.0,,sub-saharan_africa_southern,m_all,,,male,-99.0,,0.3985855,0.0,0.0,0.0,0.0,2005.0,2005.0
3017,99.0,95.0,,asia_pacific_high_income,m_all,,,male,-99.0,,0.3475264,0.0,0.0,0.0,0.0,2005.0,2005.0
3018,99.0,95.0,,europe_western,m_all,,,male,-99.0,,0.3613246,0.0,0.0,0.0,0.0,2005.0,2005.0
3019,99.0,95.0,,sub-saharan_africa_west,m_all,,,male,-99.0,,0.3846799,0.0,0.0,0.0,0.0,2005.0,2005.0
3020,99.0,95.0,,europe_central,m_all,,,male,-99.0,,0.3918394,0.0,0.0,0.0,0.0,2005.0,2005.0
3021,99.0,95.0,,latin_america_southern,m_all,,,male,-99.0,,0.3757132,0.0,0.0,0.0,0.0,2005.0,2005.0
3022,99.0,95.0,,oceania,m_all,,,male,-99.0,,0.4118917,0.0,0.0,0.0,0.0,2005.0,2005.0
3023,99.0,95.0,,asia_east,m_all,,,male,-99.0,,0.3856493,0.0,0.0,0.0,0.0,2005.0,2005.0
3024,99.0,95.0,,asia_central,m_all,,,male,-99.0,,0.4055121,0.0,0.0,0.0,0.0,2005.0,2005.0
3025,99.0,95.0,,australasia,m_all,,,male,-99.0,,0.3495101,0.0,0.0,0.0,0.0,2005.0,2005.0
3026,99.0,95.0,,north_africa_middle_east,m_all,,,male,-99.0,,0.3771607,0.0,0.0,0.0,0.0,2005.0,2005.0
3027,99.0,95.0,,latin_america_andean,m_all,,,male,-99.0,,0.3439357,0.0,0.0,0.0,0.0,2005.0,2005.0
3028,99.0,95.0,,latin_america_central,m_all,,,male,-99.0,,0.3542804,0.0,0.0,0.0,0.0,2005.0,2005.0
3029,99.0,95.0,,sub-saharan_africa_central,m_all,,,male,-99.0,,0.3945982,0.0,0.0,0.0,0.0,2005.0,2005.0
3030,99.0,95.0,,asia_southeast,m_all,,,male,-99.0,,0.3805786,0.0,0.0,0.0,0.0,2005.0,2005.0
3031,101.0,100.0,,australasia,m_all,,,male,-99.0,,0.5026345,0.0,0.0,0.0,0.0,2005.0,2005.0
3032,101.0,100.0,,latin_america_central,m_all,,,male,-99.0,,0.5048232,0.0,0.0,0.0,0.0,2005.0,2005.0
3033,101.0,100.0,,asia_central,m_all,,,male,-99.0,,0.5368751,0.0,0.0,0.0,0.0,2005.0,2005.0
3034,101.0,100.0,,asia_east,m_all,,,male,-99.0,,0.5243468,0.0,0.0,0.0,0.0,2005.0,2005.0
3035,101.0,100.0,,caribbean,m_all,,,male,-99.0,,0.5145124,0.0,0.0,0.0,0.0,2005.0,2005.0
3036,101.0,100.0,,asia_southeast,m_all,,,male,-99.0,,0.5215817,0.0,0.0,0.0,0.0,2005.0,2005.0
3037,101.0,100.0,,europe_western,m_all,,,male,-99.0,,0.5099537,0.0,0.0,0.0,0.0,2005.0,2005.0
3038,101.0,100.0,,sub-saharan_africa_west,m_all,,,male,-99.0,,0.5248964,0.0,0.0,0.0,0.0,2005.0,2005.0
3039,101.0,100.0,,north_africa_middle_east,m_all,,,male,-99.0,,0.5190533,0.0,0.0,0.0,0.0,2005.0,2005.0
3040,101.0,100.0,,sub-saharan_africa_southern,m_all,,,male,-99.0,,0.5331289,0.0,0.0,0.0,0.0,2005.0,2005.0
3041,101.0,100.0,,asia_pacific_high_income,m_all,,,male,-99.0,,0.5010644,0.0,0.0,0.0,0.0,2005.0,2005.0
3042,101.0,100.0,,oceania,m_all,,,male,-99.0,,0.537149,0.0,0.0,0.0,0.0,2005.0,2005.0
3043,101.0,100.0,,asia_south,m_all,,,male,-99.0,,0.524643,0.0,0.0,0.0,0.0,2005.0,2005.0
3044,101.0,100.0,,europe_eastern,m_all,,,male,-99.0,,0.5406913,0.0,0.0,0.0,0.0,2005.0,2005.0
3045,101.0,100.0,,latin_america_southern,m_all,,,male,-99.0,,0.5197219,0.0,0.0,0.0,0.0,2005.0,2005.0
3046,101.0,100.0,,sub-saharan_africa_central,m_all,,,male,-99.0,,0.5309783,0.0,0.0,0.0,0.0,2005.0,2005.0
3047,101.0,100.0,,latin_america_tropical,m_all,,,male,-99.0,,0.5112556,0.0,0.0,0.0,0.0,2005.0,2005.0
3048,101.0,100.0,,europe_central,m_all,,,male,-99.0,,0.5283231,0.0,0.0,0.0,0.0,2005.0,2005.0
3049,101.0,100.0,,latin_america_andean,m_all,,,male,-99.0,,0.4981286,0.0,0.0,0.0,0.0,2005.0,2005.0
3050,101.0,100.0,,north_america_high_income,m_all,,,male,-99.0,,0.5057967,0.0,0.0,0.0,0.0,2005.0,2005.0
